# BH Parameters: L=8,N=8,D=1,l=4,U=3.300000,t=1.000000,bin_size=10000,beta=4.00
#  S2_measurement
-0.0000000000000000 0.7812771283666766 0.9567579134910458 1.0290018877910463 1.0499993242600030
-0.0000000000000000 0.7812770876688196 0.9567586797945574 1.0289995808862995 1.0500011964874909
-0.0000000000000000 0.7812774929340554 0.9567570357847184 1.0289958023458863 1.0499967071504559
-0.0000000000000000 0.7812753453654088 0.9567577881749760 1.0289973410537900 1.0500001613796892
-0.0000000000000000 0.7812769098506520 0.9567586175720207 1.0289955925891940 1.0499951571736124
-0.0000000000000000 0.7812777516245436 0.9567595520107076 1.0290006237385498 1.0499994952610221
-0.0000000000000000 0.7812773656245547 0.9567608193229609 1.0290002991285483 1.0499992673387750
-0.0000000000000000 0.7812773458219088 0.9567599393113505 1.0289996042886871 1.0500038062800645
-0.0000000000000000 0.7812746347150448 0.9567609889635507 1.0289963764447401 1.0499959329974748
-0.0000000000000000 0.7812776481536984 0.9567617286135710 1.0290009963892941 1.0500008259331304
-0.0000000000000000 0.7812771381161453 0.9567575760312257 1.0289970229014895 1.0499960107050992
-0.0000000000000000 0.7812775796309747 0.9567582538375563 1.0289968685618158 1.0499958472021673
-0.0000000000000000 0.7812772668021210 0.9567574230427927 1.0289968040673707 1.0500005302112771
-0.0000000000000000 0.7812796037207597 0.9567604084751099 1.0289998842773369 1.0499998717365593
-0.0000000000000000 0.7812775430033295 0.9567583208742556 1.0289966918818267 1.0499977347499776
-0.0000000000000000 0.7812772127639904 0.9567609099251507 1.0289990303827097 1.0500001173328055
-0.0000000000000000 0.7812759982502416 0.9567582773528874 1.0289960392377790 1.0499961850428507
-0.0000000000000000 0.7812755628412003 0.9567563582973038 1.0289965463322706 1.0499980170928556
-0.0000000000000000 0.7812782271850548 0.9567606926005585 1.0289989061246243 1.0500010265768351
-0.0000000000000000 0.7812748918096257 0.9567592810170162 1.0289976970922194 1.0500008825202152
-0.0000000000000000 0.7812764666357257 0.9567578193711622 1.0289993499417340 1.0499981643322063
-0.0000000000000000 0.7812763236657787 0.9567602229629980 1.0289993520632408 1.0499996862130050
-0.0000000000000000 0.7812763197601005 0.9567593239138137 1.0289999165022521 1.0500007225652124
-0.0000000000000000 0.7812782715218697 0.9567615819791143 1.0289987534623188 1.0499987311802079
-0.0000000000000000 0.7812757658494254 0.9567583271497613 1.0289974807911295 1.0499938301510048
-0.0000000000000000 0.7812759999080098 0.9567614452436212 1.0290012238865622 1.0500015708525707
-0.0000000000000000 0.7812768351654226 0.9567582485904078 1.0289989286864822 1.0500008904979652
-0.0000000000000000 0.7812767644241755 0.9567586014448514 1.0289998119056529 1.0500009177234106
-0.0000000000000000 0.7812767246689779 0.9567574016083507 1.0289969461762685 1.0499995870997747
-0.0000000000000000 0.7812767485932599 0.9567576833417090 1.0289980090765669 1.0499964926425598
-0.0000000000000000 0.7812782192646414 0.9567585108722010 1.0289981311106169 1.0500006260497994
-0.0000000000000000 0.7812766787013982 0.9567589841529160 1.0289989281163459 1.0500010435257057
-0.0000000000000000 0.7812765930191974 0.9567605096718508 1.0289975936262687 1.0500006285068590
-0.0000000000000000 0.7812771773662166 0.9567579808272383 1.0289989484002919 1.0499987533816968
-0.0000000000000000 0.7812758292254469 0.9567572776172993 1.0289995382192874 1.0499994845976344
-0.0000000000000000 0.7812765729029458 0.9567597187254855 1.0290027928044079 1.0500008900496287
-0.0000000000000000 0.7812784451179026 0.9567594874519403 1.0289979512329923 1.0499988048218107
-0.0000000000000000 0.7812777718152308 0.9567592177561853 1.0290005275999410 1.0500001542238839
-0.0000000000000000 0.7812768751106444 0.9567606287177113 1.0289995297178578 1.0499980616584967
-0.0000000000000000 0.7812747700622421 0.9567584619028926 1.0289959992262510 1.0499993316839373
-0.0000000000000000 0.7812770226523562 0.9567600346006102 1.0290011619354829 1.0500022568680512
-0.0000000000000000 0.7812749920948817 0.9567561569705840 1.0289968734538699 1.0499986201815468
-0.0000000000000000 0.7812753588053092 0.9567581314839083 1.0289956658824742 1.0499965470717121
-0.0000000000000000 0.7812754226960291 0.9567561667589755 1.0289959311740653 1.0499955426571173
-0.0000000000000000 0.7812779211231728 0.9567609235386759 1.0289980513509978 1.0500006076284440
-0.0000000000000000 0.7812769256962585 0.9567585728522259 1.0289981332992464 1.0499992839492247
-0.0000000000000000 0.7812770407607178 0.9567570026999374 1.0289941997932286 1.0499960116721039
-0.0000000000000000 0.7812764892365758 0.9567573083437805 1.0289966037937157 1.0500026032117591
-0.0000000000000000 0.7812767878254970 0.9567574458223587 1.0289966214509947 1.0499973926198392
-0.0000000000000000 0.7812764635790146 0.9567583178012773 1.0289999487046428 1.0500014718494135
-0.0000000000000000 0.7812758434513678 0.9567585765329292 1.0289987011644748 1.0500012985718876
-0.0000000000000000 0.7812754197571032 0.9567558616633618 1.0289957214193859 1.0499977004257637
-0.0000000000000000 0.7812777968312639 0.9567586029053018 1.0289968224818511 1.0500013195777567
-0.0000000000000000 0.7812761095022459 0.9567587164653536 1.0289958315587735 1.0499972474506416
-0.0000000000000000 0.7812775598089998 0.9567590009990478 1.0289986111267837 1.0500020431745034
-0.0000000000000000 0.7812782356949293 0.9567589236137136 1.0289992031885140 1.0499999828933180
-0.0000000000000000 0.7812778055434072 0.9567624233530458 1.0290006469069344 1.0499996887184169
-0.0000000000000000 0.7812775915439510 0.9567602009088864 1.0289975698370484 1.0500002540183537
-0.0000000000000000 0.7812762226844081 0.9567567147780893 1.0289950817974824 1.0499964595358495
-0.0000000000000000 0.7812762403327469 0.9567570204458358 1.0289952790532160 1.0499959866574493
-0.0000000000000000 0.7812778369693927 0.9567590568327984 1.0289969629719176 1.0499952997857365
-0.0000000000000000 0.7812774082753334 0.9567564938700468 1.0289984159742425 1.0499992245709313
-0.0000000000000000 0.7812779102026592 0.9567597896232840 1.0289970880241550 1.0500024702978261
-0.0000000000000000 0.7812768275791134 0.9567583611656435 1.0289958794939909 1.0499978844772047
-0.0000000000000000 0.7812773741658373 0.9567600387207924 1.0290006001221328 1.0499995191459557
-0.0000000000000000 0.7812783352691799 0.9567591211240863 1.0289987132262535 1.0499997386903992
-0.0000000000000000 0.7812775654445568 0.9567574398537426 1.0289973487974211 1.0499987008295277
-0.0000000000000000 0.7812765141127078 0.9567576384255774 1.0289945991152503 1.0499967262707632
-0.0000000000000000 0.7812769447873172 0.9567585312252752 1.0289976538918615 1.0500005650013122
-0.0000000000000000 0.7812760290111425 0.9567565946897759 1.0289996885410546 1.0500010836342220
-0.0000000000000000 0.7812764102656313 0.9567574795664915 1.0289974865783702 1.0499994601237084
-0.0000000000000000 0.7812760178608199 0.9567590818732447 1.0289991167426802 1.0500005943541673
-0.0000000000000000 0.7812766947816365 0.9567594955823940 1.0289972532296516 1.0499984628810435
-0.0000000000000000 0.7812775976548610 0.9567602382082609 1.0289978001295861 1.0499981735890589
-0.0000000000000000 0.7812766923024770 0.9567601206443697 1.0289985344501607 1.0499991416769112
-0.0000000000000000 0.7812767035073820 0.9567578506932423 1.0289988573852407 1.0500006989308488
-0.0000000000000000 0.7812772137703363 0.9567574776660621 1.0289983267982032 1.0499982071396543
-0.0000000000000000 0.7812767973074397 0.9567566586765632 1.0289989641412602 1.0499961656368273
-0.0000000000000000 0.7812776425500715 0.9567603552770169 1.0290012938389028 1.0500022117180021
-0.0000000000000000 0.7812776009458146 0.9567612518271349 1.0290011575401987 1.0500027772494711
-0.0000000000000000 0.7812766190005396 0.9567571074937159 1.0289976772410139 1.0499969904078821
-0.0000000000000000 0.7812772307671002 0.9567615272327877 1.0290006537672687 1.0500009168619016
-0.0000000000000000 0.7812786836580367 0.9567588703420187 1.0289981375731911 1.0500008537827323
-0.0000000000000000 0.7812757555530740 0.9567587030585724 1.0289957391855074 1.0499983982017698
-0.0000000000000000 0.7812782097455648 0.9567595117947795 1.0289984188322410 1.0500001063617421
-0.0000000000000000 0.7812779076635438 0.9567606398488380 1.0289981871658682 1.0499990085910951
-0.0000000000000000 0.7812757565711818 0.9567597931270041 1.0289990086664380 1.0499993447472487
-0.0000000000000000 0.7812761321029892 0.9567585461985583 1.0289973274131772 1.0499974174146849
-0.0000000000000000 0.7812759523978616 0.9567579598482916 1.0289979724712353 1.0499977714873026
-0.0000000000000000 0.7812735481450407 0.9567579331466532 1.0289981394103185 1.0500003036738348
-0.0000000000000000 0.7812752251877739 0.9567563422562479 1.0289969180707201 1.0499991183721700
-0.0000000000000000 0.7812788422791322 0.9567621996945314 1.0289977605223699 1.0500002055496438
-0.0000000000000000 0.7812770659121500 0.9567604409640149 1.0289983205290845 1.0500028668726173
-0.0000000000000000 0.7812781822592128 0.9567583484464125 1.0289999561263159 1.0500010897658800
-0.0000000000000000 0.7812761058569081 0.9567594319159675 1.0289971167162522 1.0500003036079029
-0.0000000000000000 0.7812769108005869 0.9567594127860831 1.0289992374601964 1.0500013198942291
-0.0000000000000000 0.7812760125573042 0.9567576188799831 1.0289952145239583 1.0499973086795453
-0.0000000000000000 0.7812768231493031 0.9567573901194774 1.0289949032492915 1.0499967473778240
-0.0000000000000000 0.7812780292745599 0.9567603576262727 1.0289988858275632 1.0499998014927250
-0.0000000000000000 0.7812768677326325 0.9567574370177916 1.0290004299394784 1.0500010255922534
-0.0000000000000000 0.7812784803002095 0.9567594519329132 1.0289986019660671 1.0500019792558744
-0.0000000000000000 0.7812770126598051 0.9567574336678638 1.0289985085726050 1.0499986619296686
-0.0000000000000000 0.7812747287509695 0.9567566874489475 1.0289938217086501 1.0499990026748021
-0.0000000000000000 0.7812784350924550 0.9567597047637617 1.0290001526027845 1.0500015568222889
-0.0000000000000000 0.7812763506722852 0.9567588702429298 1.0289976330877642 1.0500016940394901
-0.0000000000000000 0.7812776930274784 0.9567608605561083 1.0289989955585688 1.0500008009801327
-0.0000000000000000 0.7812781063882487 0.9567599157113573 1.0289984758321600 1.0499994734990958
-0.0000000000000000 0.7812780999739037 0.9567600094080454 1.0289982835274043 1.0500003171810746
-0.0000000000000000 0.7812783077881588 0.9567593082961687 1.0289969594129826 1.0499946704971788
-0.0000000000000000 0.7812757955444315 0.9567572391848406 1.0289985421512517 1.0499985779235494
-0.0000000000000000 0.7812759328928542 0.9567581404339683 1.0289974104842490 1.0499997925128013
-0.0000000000000000 0.7812766171621321 0.9567594670240521 1.0290001341620469 1.0499988122105854
-0.0000000000000000 0.7812740960985147 0.9567567689765998 1.0289947050298709 1.0499955724188990
-0.0000000000000000 0.7812781353083369 0.9567565390545416 1.0289972499819646 1.0499976158525481
-0.0000000000000000 0.7812782987624878 0.9567613986496820 1.0290015519222993 1.0499999967565941
-0.0000000000000000 0.7812767056103608 0.9567607449787741 1.0290009033553693 1.0500032326307920
-0.0000000000000000 0.7812759877930888 0.9567586498255672 1.0289988351857620 1.0499995724936597
-0.0000000000000000 0.7812772780823266 0.9567576708893745 1.0289971209239048 1.0500011613106779
-0.0000000000000000 0.7812782465349021 0.9567612552234858 1.0289995381591777 1.0500018034027023
-0.0000000000000000 0.7812765601969753 0.9567574954493282 1.0289991864019259 1.0500004005672883
-0.0000000000000000 0.7812761394726894 0.9567561269009039 1.0289967192463376 1.0500002136900313
-0.0000000000000000 0.7812770661632646 0.9567576544158203 1.0289975618726166 1.0499984896406356
-0.0000000000000000 0.7812774092407087 0.9567595576771829 1.0289992768609288 1.0499998555524785
-0.0000000000000000 0.7812785798899472 0.9567586659444168 1.0289976541690160 1.0499980879214119
-0.0000000000000000 0.7812777246736191 0.9567602286144515 1.0289986652693826 1.0500000266369207
-0.0000000000000000 0.7812762907960457 0.9567585060233849 1.0289981641497430 1.0499989605574755
-0.0000000000000000 0.7812763377387060 0.9567578751395839 1.0289972343623488 1.0500010030875286
-0.0000000000000000 0.7812769826033034 0.9567604714094931 1.0290011246222894 1.0500030705795378
-0.0000000000000000 0.7812758575966251 0.9567561081034075 1.0289980798256113 1.0499981198412924
-0.0000000000000000 0.7812777386435025 0.9567580374364041 1.0289991166489969 1.0499977825946507
-0.0000000000000000 0.7812763985855278 0.9567588360214084 1.0289978006477176 1.0499983301775424
-0.0000000000000000 0.7812772791839909 0.9567615879811918 1.0289987887274490 1.0499986635955496
-0.0000000000000000 0.7812784382570966 0.9567593228003592 1.0290007760343565 1.0499988778304614
-0.0000000000000000 0.7812777871013361 0.9567566841212040 1.0289949860200633 1.0499953531944106
-0.0000000000000000 0.7812769339441548 0.9567580299875004 1.0289952722942528 1.0499964043594618
-0.0000000000000000 0.7812775877033596 0.9567602959218776 1.0289999239880034 1.0500007801720486
-0.0000000000000000 0.7812772108245605 0.9567586164225678 1.0289973779997286 1.0500005012408249
-0.0000000000000000 0.7812752681937174 0.9567579782871969 1.0289979661929434 1.0499994313817891
-0.0000000000000000 0.7812757357404229 0.9567580857995555 1.0289954289437333 1.0499997736474893
-0.0000000000000000 0.7812755772925576 0.9567569532867596 1.0289967933754045 1.0499971891095583
-0.0000000000000000 0.7812760627614953 0.9567590471646823 1.0289953968752212 1.0500003638652236
-0.0000000000000000 0.7812777336311650 0.9567575480832412 1.0289986873615680 1.0499994168591857
-0.0000000000000000 0.7812772720108613 0.9567584012084109 1.0289984767962779 1.0499984267415272
-0.0000000000000000 0.7812787907407648 0.9567591555383892 1.0289991613847815 1.0500025349109046
-0.0000000000000000 0.7812754458442773 0.9567572821442193 1.0289990618151996 1.0499994640312731
-0.0000000000000000 0.7812780231981145 0.9567594572781841 1.0289993402169528 1.0500005196358093
-0.0000000000000000 0.7812775263960888 0.9567589951145357 1.0289982039420287 1.0499987006932685
-0.0000000000000000 0.7812772077112236 0.9567571044229366 1.0289989548165215 1.0500011573196062
-0.0000000000000000 0.7812778799726292 0.9567600970861954 1.0289995171862605 1.0500033085181351
-0.0000000000000000 0.7812775153216956 0.9567564047374493 1.0289956420190995 1.0499966395876383
-0.0000000000000000 0.7812777468274218 0.9567587626548676 1.0290001196314742 1.0500009176750607
-0.0000000000000000 0.7812767176290542 0.9567574475192958 1.0289965733414923 1.0499987029569327
-0.0000000000000000 0.7812751531155934 0.9567562164935698 1.0289974621557414 1.0499966893356036
-0.0000000000000000 0.7812762228586415 0.9567571859093817 1.0289949178116780 1.0499936480108543
-0.0000000000000000 0.7812769860114062 0.9567572771877408 1.0289972238344125 1.0499984389345483
-0.0000000000000000 0.7812761636614504 0.9567591155706959 1.0289984141128352 1.0499990296541528
-0.0000000000000000 0.7812760974988431 0.9567591995419653 1.0289961063855009 1.0499981468162716
-0.0000000000000000 0.7812767206097007 0.9567582104695165 1.0289979981506585 1.0500037824611652
-0.0000000000000000 0.7812766455526730 0.9567563736177617 1.0289952112959497 1.0500027484197383
-0.0000000000000000 0.7812777742738807 0.9567587667444512 1.0289994634568516 1.0499996819406179
-0.0000000000000000 0.7812771489870497 0.9567606153320917 1.0289987605619448 1.0499993401759689
-0.0000000000000000 0.7812753972210635 0.9567572803449460 1.0289945117757553 1.0499972089946683
-0.0000000000000000 0.7812777516767814 0.9567581633559399 1.0290002134426057 1.0500028080088040
-0.0000000000000000 0.7812767739531180 0.9567605983399616 1.0289997307112675 1.0500000852415659
-0.0000000000000000 0.7812752807216052 0.9567592579579071 1.0289995380193797 1.0499999984620321
-0.0000000000000000 0.7812755658325979 0.9567567095601350 1.0289978606488470 1.0499985873298441
-0.0000000000000000 0.7812763446610083 0.9567580657579162 1.0289994761194514 1.0500021175103433
-0.0000000000000000 0.7812771868120517 0.9567588160703114 1.0289986115306267 1.0499992214018032
-0.0000000000000000 0.7812751800505001 0.9567568072494371 1.0289980765854947 1.0499999231370565
-0.0000000000000000 0.7812769775248236 0.9567603120359239 1.0289998231910931 1.0500008221002937
-0.0000000000000000 0.7812770357779294 0.9567564098488799 1.0289975465395973 1.0499961370882143
-0.0000000000000000 0.7812773307099942 0.9567601122195035 1.0289992100638563 1.0499979846894705
-0.0000000000000000 0.7812786106774907 0.9567605195169784 1.0289962746914030 1.0499998198833269
-0.0000000000000000 0.7812778804714811 0.9567591469584522 1.0290000645989463 1.0500032313561132
-0.0000000000000000 0.7812765044159751 0.9567580630947712 1.0289993385109610 1.0500018180879027
-0.0000000000000000 0.7812798348049228 0.9567592659812056 1.0289982472385490 1.0499982125460781
-0.0000000000000000 0.7812745107868032 0.9567588442852917 1.0289998196555101 1.0499999762473844
-0.0000000000000000 0.7812788330135575 0.9567609279030169 1.0289979059273051 1.0499980074535957
-0.0000000000000000 0.7812764778977631 0.9567592678355465 1.0289975085935190 1.0499976748529267
-0.0000000000000000 0.7812760570654369 0.9567616315486478 1.0289990138207028 1.0499975964729253
-0.0000000000000000 0.7812771248623455 0.9567574866799450 1.0290004275488520 1.0500006364142840
-0.0000000000000000 0.7812765239382035 0.9567575507031172 1.0289961146701507 1.0499972288885688
-0.0000000000000000 0.7812778832231588 0.9567604461403356 1.0289990816594332 1.0499981940587462
-0.0000000000000000 0.7812770251914948 0.9567600248781818 1.0289995913896541 1.0500002017036183
-0.0000000000000000 0.7812763484267773 0.9567581571414965 1.0289986671331011 1.0499986553057039
-0.0000000000000000 0.7812741825220947 0.9567575207255197 1.0289984908184633 1.0499980048451676
-0.0000000000000000 0.7812760459206226 0.9567603817900829 1.0289982723539361 1.0500008249045940
-0.0000000000000000 0.7812750286331017 0.9567561217893642 1.0289956203002499 1.0499961389694779
-0.0000000000000000 0.7812782512234250 0.9567601279570815 1.0289993596548999 1.0500022517737262
-0.0000000000000000 0.7812780022721246 0.9567602122450602 1.0289974026714297 1.0499997290687380
-0.0000000000000000 0.7812791114102952 0.9567583154045050 1.0289989631579770 1.0499981582356941
-0.0000000000000000 0.7812794994049599 0.9567620072405110 1.0290000819922547 1.0500014844160110
-0.0000000000000000 0.7812771086354178 0.9567587545318391 1.0289979585750659 1.0499997806626429
-0.0000000000000000 0.7812772511245613 0.9567610149915965 1.0290034632789116 1.0500038019549498
-0.0000000000000000 0.7812757478696569 0.9567594657212024 1.0289974404443676 1.0499981039912389
-0.0000000000000000 0.7812797160426688 0.9567627039227151 1.0290015847814200 1.0500022635183648
-0.0000000000000000 0.7812760914668928 0.9567569072487107 1.0289969378705475 1.0499978139431301
-0.0000000000000000 0.7812780926579377 0.9567576825599878 1.0289987596345320 1.0500007679878469
-0.0000000000000000 0.7812757143872268 0.9567571136857330 1.0289974848540275 1.0499969862673477
-0.0000000000000000 0.7812769533707017 0.9567574016551594 1.0289991269893000 1.0499992996322318
-0.0000000000000000 0.7812754821021463 0.9567582200183823 1.0289983516566019 1.0499999318840196
-0.0000000000000000 0.7812781520807894 0.9567616345036983 1.0290005547445380 1.0499995537162528
-0.0000000000000000 0.7812767535961445 0.9567587982599798 1.0289996240619925 1.0499987938023829
-0.0000000000000000 0.7812778125039427 0.9567594892311206 1.0290007259713219 1.0499997659378533
-0.0000000000000000 0.7812783056807473 0.9567615743702519 1.0289995873811459 1.0500023728990966
-0.0000000000000000 0.7812765306136558 0.9567600414513419 1.0290015450582268 1.0500004306146302
-0.0000000000000000 0.7812758371056400 0.9567571923692687 1.0289967003930849 1.0499983216767113
-0.0000000000000000 0.7812770671280996 0.9567582941408315 1.0289961526528393 1.0500001103616090
-0.0000000000000000 0.7812763180683937 0.9567581680436584 1.0289996873678515 1.0500013624378151
-0.0000000000000000 0.7812768472882339 0.9567600421747124 1.0290002496795339 1.0500000594578081
-0.0000000000000000 0.7812770831224303 0.9567573301252669 1.0289986259147090 1.0500006803424675
-0.0000000000000000 0.7812774742612012 0.9567594912971529 1.0290011267815768 1.0500019161416083
-0.0000000000000000 0.7812751322435318 0.9567546537019627 1.0289959798217307 1.0499963740922251
-0.0000000000000000 0.7812763325443217 0.9567612290134530 1.0289988043692060 1.0500016955163618
-0.0000000000000000 0.7812761625130173 0.9567597341996916 1.0289993384001339 1.0500005281629945
-0.0000000000000000 0.7812779438490737 0.9567613840010999 1.0290009630076906 1.0500000097759423
-0.0000000000000000 0.7812774983727746 0.9567593213017287 1.0290003078189485 1.0500017000216990
-0.0000000000000000 0.7812766309094147 0.9567610712034528 1.0290004583634627 1.0500013442142686
-0.0000000000000000 0.7812774312372794 0.9567596660208235 1.0290001455915672 1.0500049222821128
-0.0000000000000000 0.7812770227390935 0.9567598984809603 1.0290007427143155 1.0500027341433280
-0.0000000000000000 0.7812766534866896 0.9567561825962613 1.0289983162524217 1.0499987919958473
-0.0000000000000000 0.7812758629329841 0.9567604985921048 1.0289993330914415 1.0499962656294914
-0.0000000000000000 0.7812768440648329 0.9567587710630299 1.0290001717715642 1.0500026449772963
-0.0000000000000000 0.7812775575399592 0.9567591267596907 1.0289974585805561 1.0499964626566360
-0.0000000000000000 0.7812780545366915 0.9567633857869899 1.0289998147668411 1.0499987912178501
-0.0000000000000000 0.7812761403519279 0.9567585165745771 1.0289987777492657 1.0499981441614097
-0.0000000000000000 0.7812794477632400 0.9567618881416308 1.0290034549765747 1.0500022338578774
-0.0000000000000000 0.7812777739694855 0.9567601489929421 1.0289997060385769 1.0499988167159358
-0.0000000000000000 0.7812769019286412 0.9567575832308416 1.0289989809029019 1.0500007475313986
-0.0000000000000000 0.7812778060867865 0.9567620131326000 1.0289989187169228 1.0499973188418728
-0.0000000000000000 0.7812770981444707 0.9567574452037370 1.0289994764860178 1.0499995619489502
-0.0000000000000000 0.7812759012204258 0.9567579635091314 1.0290000855583901 1.0500009695150496
-0.0000000000000000 0.7812780053776014 0.9567576452606426 1.0289996107595205 1.0500009512299597
-0.0000000000000000 0.7812756430495427 0.9567577382013015 1.0289969318289354 1.0499961228600601
-0.0000000000000000 0.7812799023132873 0.9567587451700181 1.0289999017852365 1.0500016693854046
-0.0000000000000000 0.7812759823881574 0.9567566415830363 1.0290005138795364 1.0500024685572287
-0.0000000000000000 0.7812799561800815 0.9567606556311073 1.0290022924494848 1.0500043457456765
-0.0000000000000000 0.7812763230330936 0.9567598273296922 1.0289958396604031 1.0499960673320157
-0.0000000000000000 0.7812772287734622 0.9567571668091427 1.0289966862078956 1.0499975564873421
-0.0000000000000000 0.7812767552013556 0.9567605717747670 1.0289994712144761 1.0500047767755594
-0.0000000000000000 0.7812765076301945 0.9567572728444468 1.0289973319290229 1.0499956658447793
-0.0000000000000000 0.7812772702904669 0.9567593855887111 1.0289978806871993 1.0500007528191311
-0.0000000000000000 0.7812758382609137 0.9567555921029338 1.0289966960579535 1.0499953117105696
-0.0000000000000000 0.7812778119616787 0.9567600092288522 1.0289970498171090 1.0499964236951533
-0.0000000000000000 0.7812772539153208 0.9567603762946650 1.0290003311469214 1.0500009745346583
-0.0000000000000000 0.7812778874460526 0.9567587912561289 1.0289991229770890 1.0499979907112607
-0.0000000000000000 0.7812777413775339 0.9567605787942054 1.0290000586452599 1.0499995410924903
-0.0000000000000000 0.7812764803941511 0.9567615275634525 1.0289996759962696 1.0499998144461438
-0.0000000000000000 0.7812764882201173 0.9567587227086112 1.0289993538440061 1.0499976352893119
-0.0000000000000000 0.7812759261414319 0.9567586164328190 1.0289968624194199 1.0499958379848526
-0.0000000000000000 0.7812771312313814 0.9567584955220072 1.0289975818337895 1.0499989131655914
-0.0000000000000000 0.7812778124710603 0.9567587370280918 1.0289993063468081 1.0500013366672767
-0.0000000000000000 0.7812759973277273 0.9567580769948700 1.0289971213544418 1.0499986123356426
-0.0000000000000000 0.7812768070313461 0.9567589393727742 1.0289977798699401 1.0499966066215880
-0.0000000000000000 0.7812763314483888 0.9567590817368609 1.0289980327993424 1.0499996100748457
-0.0000000000000000 0.7812764774614284 0.9567577367271649 1.0289992619671176 1.0500014614321922
-0.0000000000000000 0.7812754472928004 0.9567570734536682 1.0289968793314663 1.0499995266753797
-0.0000000000000000 0.7812766896091058 0.9567589718313932 1.0289996338890572 1.0500023111210717
-0.0000000000000000 0.7812793261891136 0.9567616449171140 1.0290013525898472 1.0500008266364032
-0.0000000000000000 0.7812771386762956 0.9567608093931546 1.0290012448400583 1.0500005603069651
-0.0000000000000000 0.7812772136783814 0.9567567970076695 1.0289974976758531 1.0499997210514196
-0.0000000000000000 0.7812768669131832 0.9567603160446692 1.0289976868928161 1.0499952222267115
-0.0000000000000000 0.7812765768689912 0.9567582172117228 1.0289991166544625 1.0499999916446758
-0.0000000000000000 0.7812774193837223 0.9567587838413505 1.0289987750910667 1.0499979308098299
-0.0000000000000000 0.7812771031576194 0.9567611351219603 1.0290023402750561 1.0500045497028356
-0.0000000000000000 0.7812783335103193 0.9567609079118040 1.0289983515770924 1.0499999057046663
-0.0000000000000000 0.7812790945896182 0.9567599512419056 1.0290002801268603 1.0500004049979088
-0.0000000000000000 0.7812769082425447 0.9567584056998231 1.0289979675833290 1.0499996952588613
-0.0000000000000000 0.7812778432234265 0.9567617500448542 1.0290008115664542 1.0500011182879789
-0.0000000000000000 0.7812767471572093 0.9567620421709111 1.0290019292497496 1.0500018290369699
-0.0000000000000000 0.7812759955787680 0.9567575595858748 1.0289973175197753 1.0499977153571705
-0.0000000000000000 0.7812772292452607 0.9567591816645521 1.0289971648115563 1.0499981417658804
-0.0000000000000000 0.7812773554387529 0.9567594130317345 1.0290017834194132 1.0499985659503033
-0.0000000000000000 0.7812769518966933 0.9567590513130775 1.0289970920236431 1.0500017407982976
-0.0000000000000000 0.7812743762253127 0.9567570078461111 1.0289981114022662 1.0500017605382672
-0.0000000000000000 0.7812782794714301 0.9567614386146446 1.0290012508226958 1.0500049172273602
-0.0000000000000000 0.7812759651081762 0.9567583070731639 1.0289996790797682 1.0499989987408627
-0.0000000000000000 0.7812757918644687 0.9567591281708373 1.0289993266326902 1.0500017353391475
-0.0000000000000000 0.7812778131529186 0.9567593434517524 1.0289974573325456 1.0499973775126086
-0.0000000000000000 0.7812782831174312 0.9567599357912117 1.0289976096519005 1.0499959773917855
-0.0000000000000000 0.7812758237785171 0.9567580511325292 1.0289967220793699 1.0499987553640511
-0.0000000000000000 0.7812769056320806 0.9567608560411469 1.0289987863448520 1.0500014758272975
-0.0000000000000000 0.7812759479051288 0.9567579371265026 1.0289967060373457 1.0499992835316558
-0.0000000000000000 0.7812777613080879 0.9567600533505930 1.0289995402567929 1.0500035438062236
-0.0000000000000000 0.7812775202021929 0.9567584222685412 1.0289995478779845 1.0499995865899012
-0.0000000000000000 0.7812749441257695 0.9567596052764763 1.0289990439187364 1.0499987819038623
-0.0000000000000000 0.7812760389223790 0.9567579719570262 1.0289967347821771 1.0499992421439879
-0.0000000000000000 0.7812767465380019 0.9567578346727109 1.0290016376732742 1.0500051495701284
-0.0000000000000000 0.7812761906755020 0.9567593158299281 1.0289987828774836 1.0500014932201012
-0.0000000000000000 0.7812767332830803 0.9567575971194304 1.0289975455233542 1.0499980834292448
-0.0000000000000000 0.7812775004858480 0.9567600461257815 1.0290001058205158 1.0500006576619167
-0.0000000000000000 0.7812771233760345 0.9567574208030230 1.0289975647612215 1.0500002094484147
-0.0000000000000000 0.7812765758856771 0.9567589245067532 1.0289973414095988 1.0499962114069112
-0.0000000000000000 0.7812763280820116 0.9567593132982423 1.0289989150517789 1.0500011360412158
-0.0000000000000000 0.7812773205763452 0.9567589252775451 1.0289980586464400 1.0499980915037175
-0.0000000000000000 0.7812774584617097 0.9567612930140211 1.0290006257619240 1.0499993235391472
-0.0000000000000000 0.7812776632014080 0.9567589693217451 1.0290004884260393 1.0500013946696680
-0.0000000000000000 0.7812760670428166 0.9567606755960812 1.0289980327736077 1.0499968461309068
-0.0000000000000000 0.7812755607199244 0.9567583007292302 1.0289980595995429 1.0499991874336727
-0.0000000000000000 0.7812769337985126 0.9567595784784654 1.0289990687010917 1.0500015901705804
-0.0000000000000000 0.7812767478935051 0.9567577623826625 1.0289988318843810 1.0499976100769020
-0.0000000000000000 0.7812775731802786 0.9567585834711646 1.0289992353390514 1.0499987913629005
-0.0000000000000000 0.7812773055184358 0.9567637233965376 1.0289995297459562 1.0500024877169849
-0.0000000000000000 0.7812770751607572 0.9567578193897629 1.0289986537624667 1.0500030085642020
-0.0000000000000000 0.7812761141691692 0.9567570781065659 1.0289979674507528 1.0499979206431131
-0.0000000000000000 0.7812774043058752 0.9567591900870358 1.0289969562729200 1.0499985105234904
-0.0000000000000000 0.7812767893045698 0.9567577795863765 1.0289967606825456 1.0499981708550785
-0.0000000000000000 0.7812765974612202 0.9567601157203338 1.0289985833922832 1.0499990214126602
-0.0000000000000000 0.7812751231194157 0.9567540648724576 1.0289958808090454 1.0499967863392943
-0.0000000000000000 0.7812762448659804 0.9567586036351553 1.0289979460201168 1.0499997486988608
-0.0000000000000000 0.7812754443026465 0.9567577229366099 1.0289982884479085 1.0499992301883316
-0.0000000000000000 0.7812777248420077 0.9567594050615799 1.0289981038073128 1.0499968425793653
-0.0000000000000000 0.7812781075269787 0.9567584006482901 1.0289966463271434 1.0500012070981151
-0.0000000000000000 0.7812773985574747 0.9567592057144663 1.0290006733167041 1.0500018841119629
-0.0000000000000000 0.7812771215518750 0.9567589307454692 1.0289959846420551 1.0499996229051940
-0.0000000000000000 0.7812768742930817 0.9567577929443315 1.0289994811142558 1.0500006606684082
-0.0000000000000000 0.7812765516255086 0.9567595604970131 1.0290007561959809 1.0500013696463573
-0.0000000000000000 0.7812786966788491 0.9567614893700819 1.0290009729267129 1.0499988406228624
-0.0000000000000000 0.7812765667650805 0.9567576375640235 1.0289986077959767 1.0500014991891249
-0.0000000000000000 0.7812772537895256 0.9567583961585339 1.0289993800373416 1.0499991055506059
-0.0000000000000000 0.7812781370239889 0.9567583245257428 1.0289980068561062 1.0499998282303042
-0.0000000000000000 0.7812789097725378 0.9567618958638486 1.0290010105711220 1.0499988781073755
-0.0000000000000000 0.7812764989839194 0.9567583993157275 1.0289975985362394 1.0500017065093847
-0.0000000000000000 0.7812760043804732 0.9567567408164611 1.0289967722278512 1.0500012920534312
-0.0000000000000000 0.7812770636277450 0.9567576176390555 1.0289971945989362 1.0499966266913194
-0.0000000000000000 0.7812753305183908 0.9567594876988286 1.0289970732590474 1.0499966942497425
-0.0000000000000000 0.7812761265854032 0.9567582228242267 1.0289967938229128 1.0499972037508716
-0.0000000000000000 0.7812738107494318 0.9567591438657905 1.0289970118281575 1.0499984617162450
-0.0000000000000000 0.7812760691381532 0.9567583589263805 1.0289992266501444 1.0499969406247676
-0.0000000000000000 0.7812778571202037 0.9567620440494857 1.0289990951840799 1.0500006935903703
-0.0000000000000000 0.7812772423969668 0.9567581359550638 1.0289965822459455 1.0499994739957828
-0.0000000000000000 0.7812783087599592 0.9567626115238151 1.0289984928371665 1.0499994492141744
-0.0000000000000000 0.7812758411856751 0.9567576922733853 1.0289953181278819 1.0499981094020587
-0.0000000000000000 0.7812779706050268 0.9567601078620305 1.0289999252974087 1.0500024859412243
-0.0000000000000000 0.7812783136078941 0.9567592070899136 1.0289975587800078 1.0499983792089629
-0.0000000000000000 0.7812770242242191 0.9567609327103391 1.0289995765302307 1.0500026210045288
-0.0000000000000000 0.7812780178458407 0.9567564619645225 1.0289966796714523 1.0499982958753262
-0.0000000000000000 0.7812784607790789 0.9567612876606327 1.0289995059596972 1.0499971720639221
-0.0000000000000000 0.7812749850227783 0.9567588744149974 1.0289984321772632 1.0499955506744694
-0.0000000000000000 0.7812773070848295 0.9567610160681311 1.0289995644580054 1.0499996760331196
-0.0000000000000000 0.7812782321626511 0.9567594157517028 1.0289992000872812 1.0500026666600355
-0.0000000000000000 0.7812783481926675 0.9567615991625271 1.0289992672839585 1.0500010233593629
-0.0000000000000000 0.7812765479333117 0.9567617746422145 1.0290006639158031 1.0500000739056794
-0.0000000000000000 0.7812766435483391 0.9567601546928839 1.0289982115783483 1.0499988591233687
-0.0000000000000000 0.7812761127261589 0.9567573095821919 1.0289955375699347 1.0499967190182329
-0.0000000000000000 0.7812787192392280 0.9567597821152064 1.0290029309715205 1.0500054651096300
-0.0000000000000000 0.7812765329106746 0.9567575328783368 1.0289957496340916 1.0499942033364571
-0.0000000000000000 0.7812786160095199 0.9567578871590046 1.0290003281999911 1.0500019123878939
-0.0000000000000000 0.7812765434276331 0.9567586415827608 1.0289977293365704 1.0499993516041686
-0.0000000000000000 0.7812782011597478 0.9567593071246185 1.0289997079393538 1.0500014849610468
-0.0000000000000000 0.7812778136666632 0.9567583131157699 1.0289997650225733 1.0499989302243844
-0.0000000000000000 0.7812777098046190 0.9567600033946162 1.0289993995376141 1.0500024124141742
-0.0000000000000000 0.7812783702175485 0.9567612805983517 1.0289983521648536 1.0499987553157009
-0.0000000000000000 0.7812772061053220 0.9567596756651374 1.0289972398833307 1.0499980273123168
-0.0000000000000000 0.7812754862369587 0.9567575493294758 1.0289976938937382 1.0499998115539315
-0.0000000000000000 0.7812783397111223 0.9567599485994771 1.0289987074443416 1.0499985915494903
-0.0000000000000000 0.7812775710698288 0.9567593299811112 1.0290006702234458 1.0500017678127382
-0.0000000000000000 0.7812774255285061 0.9567632038004125 1.0289994241566056 1.0499987106577857
-0.0000000000000000 0.7812750397264276 0.9567587710655756 1.0289984788500763 1.0499992698705609
-0.0000000000000000 0.7812779221341463 0.9567603073804287 1.0289982341654873 1.0500001446505765
-0.0000000000000000 0.7812772390358433 0.9567591363306331 1.0289986560638391 1.0499986984779546
-0.0000000000000000 0.7812777783694704 0.9567616825055677 1.0290031708593690 1.0500004270762877
-0.0000000000000000 0.7812768109678502 0.9567593240921235 1.0290013051731424 1.0500014256532113
-0.0000000000000000 0.7812755936062550 0.9567598311752624 1.0289976900717526 1.0499990915730353
-0.0000000000000000 0.7812758244440474 0.9567584767762211 1.0289973938446160 1.0500001754143857
-0.0000000000000000 0.7812771515299839 0.9567577642280699 1.0289967223256764 1.0499988109095280
-0.0000000000000000 0.7812747934859198 0.9567581976417935 1.0289963451545350 1.0499991829459059
-0.0000000000000000 0.7812770922340142 0.9567576174093509 1.0289988401435928 1.0499994056991102
-0.0000000000000000 0.7812763941223384 0.9567572635530643 1.0289977053040427 1.0499985022160614
-0.0000000000000000 0.7812761295267178 0.9567582627278794 1.0289971245083320 1.0499981433306664
-0.0000000000000000 0.7812768438669242 0.9567603531308397 1.0289997874770915 1.0499983113737392
-0.0000000000000000 0.7812775994565606 0.9567563723393678 1.0289987772619680 1.0499995634609887
-0.0000000000000000 0.7812774403648937 0.9567581166380803 1.0289985331440741 1.0499993007091200
-0.0000000000000000 0.7812760157883255 0.9567596358133513 1.0289985029884301 1.0500007012604402
-0.0000000000000000 0.7812765889083648 0.9567593526855002 1.0289990272269411 1.0499991738560901
-0.0000000000000000 0.7812765300387323 0.9567564770296572 1.0289945439271193 1.0499950785121026
-0.0000000000000000 0.7812783000283301 0.9567640331681662 1.0289996887513768 1.0500020272146262
-0.0000000000000000 0.7812775354590187 0.9567587171979317 1.0290010178155129 1.0500017883570747
-0.0000000000000000 0.7812756337228995 0.9567576582958737 1.0289980925096218 1.0499998546118503
-0.0000000000000000 0.7812771667576026 0.9567605810187431 1.0289990091869079 1.0500000380211580
-0.0000000000000000 0.7812781141613860 0.9567596641029900 1.0289984664661624 1.0500000484032306
-0.0000000000000000 0.7812761019115629 0.9567585189476264 1.0289971845998076 1.0499985243076686
-0.0000000000000000 0.7812765465622462 0.9567583496898714 1.0289985569398878 1.0500000529393436
-0.0000000000000000 0.7812761733255857 0.9567572994803512 1.0289950003632258 1.0499944383717499
-0.0000000000000000 0.7812752773402778 0.9567578159422023 1.0289987887477461 1.0500017973809350
-0.0000000000000000 0.7812776281212116 0.9567583387121986 1.0289979118210368 1.0500000910040115
-0.0000000000000000 0.7812748747986180 0.9567583117396398 1.0289966744936478 1.0500016819124405
-0.0000000000000000 0.7812752218916437 0.9567577313681762 1.0289985350920430 1.0499978063785294
-0.0000000000000000 0.7812779415515084 0.9567613184828169 1.0289986554643709 1.0499977579624462
-0.0000000000000000 0.7812772453286212 0.9567583428137858 1.0289985066715741 1.0500001214117904
-0.0000000000000000 0.7812774473706932 0.9567603755500259 1.0289998542798822 1.0500012485120744
-0.0000000000000000 0.7812757062453637 0.9567575737990857 1.0289965962739578 1.0499980366175208
-0.0000000000000000 0.7812749811412610 0.9567575259390602 1.0289966484598065 1.0499991672848743
-0.0000000000000000 0.7812757064382482 0.9567581771333338 1.0290002306668748 1.0500001559512986
-0.0000000000000000 0.7812760944240089 0.9567578711380778 1.0289968767161557 1.0499993715815401
-0.0000000000000000 0.7812764688986010 0.9567608897289949 1.0289995699897430 1.0500018374103031
-0.0000000000000000 0.7812761267395923 0.9567613495438788 1.0289951411705602 1.0499962037577686
-0.0000000000000000 0.7812767911166479 0.9567595799154055 1.0289975370976376 1.0499992499767008
-0.0000000000000000 0.7812757195753841 0.9567566415739369 1.0289980096676952 1.0499979377810413
-0.0000000000000000 0.7812753353064776 0.9567578879710040 1.0289967601330967 1.0499979769182841
-0.0000000000000000 0.7812766476113752 0.9567582040070348 1.0289992322717063 1.0499972944382212
-0.0000000000000000 0.7812763916931539 0.9567610283099672 1.0290007438365623 1.0500004974299644
-0.0000000000000000 0.7812774101887617 0.9567584041929276 1.0290007977386166 1.0500039560459415
-0.0000000000000000 0.7812772389905455 0.9567599066702644 1.0289987896739889 1.0500001835371917
-0.0000000000000000 0.7812776190111336 0.9567597570845739 1.0290011879536729 1.0500031382649935
-0.0000000000000000 0.7812764869571738 0.9567578718252857 1.0289954607012757 1.0499965763587529
-0.0000000000000000 0.7812782446800579 0.9567612208243634 1.0290000236558572 1.0500001279126729
-0.0000000000000000 0.7812761985081689 0.9567579042747774 1.0289974263861410 1.0499976254610432
-0.0000000000000000 0.7812779084942827 0.9567610262439599 1.0289979319810802 1.0500000006026204
-0.0000000000000000 0.7812775691810399 0.9567602955029353 1.0290011076963124 1.0499967188028547
-0.0000000000000000 0.7812747695867667 0.9567576577085101 1.0289984719948979 1.0499955039637225
-0.0000000000000000 0.7812755194482750 0.9567600354244643 1.0289985093002927 1.0499979107664974
-0.0000000000000000 0.7812761272373165 0.9567612343153203 1.0290004349285911 1.0500025615429200
-0.0000000000000000 0.7812775686508021 0.9567594940510200 1.0289993414223122 1.0500013912500061
-0.0000000000000000 0.7812748771701055 0.9567581190122110 1.0289956021560838 1.0499967060427968
-0.0000000000000000 0.7812753521753147 0.9567563824170277 1.0289951566997477 1.0499976914282392
-0.0000000000000000 0.7812755946943407 0.9567581346732137 1.0289996001143240 1.0500008550530187
-0.0000000000000000 0.7812785398217656 0.9567594252099576 1.0289972091873003 1.0500007426084885
-0.0000000000000000 0.7812788769205377 0.9567610522506647 1.0289996332959706 1.0500028257224518
-0.0000000000000000 0.7812772255187326 0.9567607444430326 1.0289984974224371 1.0499984317963125
-0.0000000000000000 0.7812786801544306 0.9567590088886636 1.0289976778960803 1.0499979991066033
-0.0000000000000000 0.7812771934864434 0.9567602517219236 1.0289999167461501 1.0500008199025661
-0.0000000000000000 0.7812776070565246 0.9567577611384086 1.0289987118221895 1.0499995119198182
-0.0000000000000000 0.7812762854557145 0.9567584764331838 1.0289991706442760 1.0500005053461812
-0.0000000000000000 0.7812780686813553 0.9567608185904368 1.0290004275941589 1.0500047232962697
-0.0000000000000000 0.7812775253036108 0.9567578181676898 1.0289976945470238 1.0499983776749453
-0.0000000000000000 0.7812753262210596 0.9567554261603540 1.0289963951022523 1.0499943161421521
-0.0000000000000000 0.7812765229302722 0.9567590057708377 1.0289993189702971 1.0500011150441342
-0.0000000000000000 0.7812770166635216 0.9567601318260551 1.0289989493212546 1.0499964762298599
-0.0000000000000000 0.7812756935224208 0.9567584955991068 1.0290017463731271 1.0499994572974269
-0.0000000000000000 0.7812765325320871 0.9567603344189459 1.0290022045179643 1.0500041911009195
-0.0000000000000000 0.7812757450174705 0.9567587461369367 1.0289980025754675 1.0500022176782307
-0.0000000000000000 0.7812761351272948 0.9567581821883674 1.0289959830279858 1.0499970528323699
-0.0000000000000000 0.7812758780010303 0.9567588749792812 1.0289966641544142 1.0499986173684495
-0.0000000000000000 0.7812767846353669 0.9567576051479308 1.0289962425379675 1.0499980239014342
-0.0000000000000000 0.7812773166646373 0.9567579212063096 1.0289952976494579 1.0499979485092361
-0.0000000000000000 0.7812740634446694 0.9567543864000417 1.0289948100212292 1.0499952779789721
-0.0000000000000000 0.7812788019030805 0.9567611751853577 1.0289977195492224 1.0500020679428614
-0.0000000000000000 0.7812788975252360 0.9567588272909199 1.0290008650651650 1.0500014173985521
-0.0000000000000000 0.7812762797563650 0.9567566129907294 1.0289977010398590 1.0499990030616029
-0.0000000000000000 0.7812762744549111 0.9567598350578828 1.0290009171405385 1.0500002301598106
-0.0000000000000000 0.7812759837384839 0.9567574372858298 1.0289968767825421 1.0499985973734809
-0.0000000000000000 0.7812768178987817 0.9567585714522998 1.0290000200863350 1.0499990127360166
-0.0000000000000000 0.7812780036904908 0.9567616019023202 1.0290032198963399 1.0500055682484952
-0.0000000000000000 0.7812764875890748 0.9567597192590866 1.0289991603511561 1.0499995530964930
-0.0000000000000000 0.7812754556352323 0.9567573170527199 1.0289970584659218 1.0499966460138201
-0.0000000000000000 0.7812780988375549 0.9567579887060722 1.0289979640395277 1.0500001891985413
-0.0000000000000000 0.7812761298318082 0.9567601837114349 1.0289995512587293 1.0500017842649103
-0.0000000000000000 0.7812779127049065 0.9567567290626789 1.0289972310993742 1.0499975890489779
-0.0000000000000000 0.7812780000727430 0.9567600630507801 1.0289989788095679 1.0499998215623925
-0.0000000000000000 0.7812744442271108 0.9567571047928550 1.0289986230748376 1.0499998090617060
-0.0000000000000000 0.7812756475971092 0.9567553492364498 1.0289950699039525 1.0499968920284286
-0.0000000000000000 0.7812757801355965 0.9567568900231854 1.0289970480392643 1.0499985875056626
-0.0000000000000000 0.7812775251819067 0.9567588494891109 1.0289978967591422 1.0499977167461385
-0.0000000000000000 0.7812783814660884 0.9567607788116812 1.0289999685299107 1.0500004787492745
-0.0000000000000000 0.7812769311245339 0.9567614052855075 1.0289993762265623 1.0500022838429188
-0.0000000000000000 0.7812782290907725 0.9567600609857332 1.0289980381606292 1.0500021253474294
-0.0000000000000000 0.7812769577446317 0.9567562818007200 1.0289980031970996 1.0499987394964261
-0.0000000000000000 0.7812778951825823 0.9567596858298814 1.0290009121226953 1.0500010847902264
-0.0000000000000000 0.7812752433795795 0.9567586595991187 1.0289979788918935 1.0499986401633288
-0.0000000000000000 0.7812758507520343 0.9567590569799125 1.0289984736258242 1.0500012548635040
-0.0000000000000000 0.7812768783723291 0.9567586873015209 1.0289975384778931 1.0500007664010875
-0.0000000000000000 0.7812772725783445 0.9567600074893639 1.0289976819854476 1.0499992835404468
-0.0000000000000000 0.7812785512143798 0.9567583988119827 1.0289986642837967 1.0499986592704127
-0.0000000000000000 0.7812766891016257 0.9567582594736340 1.0289981942651083 1.0500015997702465
-0.0000000000000000 0.7812787215473990 0.9567605717931877 1.0289986488501557 1.0499997065639841
-0.0000000000000000 0.7812771391371485 0.9567595843277013 1.0289980011406843 1.0500012529866456
-0.0000000000000000 0.7812780349443541 0.9567597286827739 1.0289983215160348 1.0500004153272320
-0.0000000000000000 0.7812782128488337 0.9567615758742443 1.0289985654738389 1.0500033138629949
-0.0000000000000000 0.7812779658555504 0.9567599550173483 1.0289982822334189 1.0500006696615105
-0.0000000000000000 0.7812772094391627 0.9567565415448834 1.0289977739173515 1.0499968264787496
-0.0000000000000000 0.7812753392739620 0.9567554921362562 1.0289952296335039 1.0499949579264927
-0.0000000000000000 0.7812762844675281 0.9567569461765091 1.0289971774521094 1.0499972421409129
-0.0000000000000000 0.7812768868781755 0.9567587222907641 1.0289979528831661 1.0499979214255064
-0.0000000000000000 0.7812771173951214 0.9567615006419660 1.0289997619040980 1.0500028451591144
-0.0000000000000000 0.7812783141657494 0.9567617394632087 1.0290016181688926 1.0500035666229677
-0.0000000000000000 0.7812768729252315 0.9567585181151449 1.0289995020747313 1.0500003418879389
-0.0000000000000000 0.7812758876619031 0.9567580248539990 1.0289949829004561 1.0499959515156168
-0.0000000000000000 0.7812790647331661 0.9567592658345655 1.0289980862294197 1.0500009657657270
-0.0000000000000000 0.7812764363852078 0.9567567690045320 1.0289964146629493 1.0499961030804197
-0.0000000000000000 0.7812773033027466 0.9567580449155311 1.0289986297917022 1.0500016570957231
-0.0000000000000000 0.7812771797954456 0.9567599805213842 1.0289987975942669 1.0499981688155822
-0.0000000000000000 0.7812749803892330 0.9567581738165377 1.0289960144235668 1.0500014903586619
-0.0000000000000000 0.7812775315947532 0.9567596155702769 1.0289995191919135 1.0499973484761331
-0.0000000000000000 0.7812778231614638 0.9567600781423127 1.0290002140832195 1.0499988002285510
-0.0000000000000000 0.7812772797933384 0.9567584400408963 1.0289950551765736 1.0499962679766752
-0.0000000000000000 0.7812756051432885 0.9567564519690246 1.0289956806438667 1.0499943308582309
-0.0000000000000000 0.7812786543901749 0.9567608397757009 1.0290007018266760 1.0499994400452428
-0.0000000000000000 0.7812781430194757 0.9567588015313198 1.0289962934739436 1.0499993377760468
-0.0000000000000000 0.7812762096120045 0.9567562863277550 1.0289950023900287 1.0499967296596728
-0.0000000000000000 0.7812780843173841 0.9567597221698193 1.0289991721491931 1.0499986236627548
-0.0000000000000000 0.7812757716053053 0.9567572184741693 1.0289983148543029 1.0499996785956729
-0.0000000000000000 0.7812759522193031 0.9567605860447665 1.0289984375159811 1.0499991520326204
-0.0000000000000000 0.7812766270245971 0.9567580345712501 1.0289988042313181 1.0500006123096044
-0.0000000000000000 0.7812768470123687 0.9567616589604077 1.0289979480674334 1.0500003996750107
-0.0000000000000000 0.7812758108501014 0.9567596700994929 1.0289977005137243 1.0500005439998230
-0.0000000000000000 0.7812787343265742 0.9567597228491627 1.0289996675008057 1.0500023741166356
-0.0000000000000000 0.7812764600192519 0.9567587538202954 1.0289967147687469 1.0499973337908672
-0.0000000000000000 0.7812764385187171 0.9567585938140686 1.0289964410552233 1.0499977109748884
-0.0000000000000000 0.7812772694279018 0.9567615178507134 1.0289998861205296 1.0500033882514856
