# BH Parameters: L=8,N=8,D=1,l=4,U=0.500000,t=1.000000,bin_size=10000,beta=4.00
#  S2_measurement
-0.0000000000000000 1.0974183127276571 1.3282046700239563 1.4154054602085009 1.4400609898330716
-0.0000000000000000 1.0974160679836049 1.3282092288389484 1.4154044654784090 1.4400648607522513
-0.0000000000000000 1.0974146873689847 1.3282231277958467 1.4154118525447290 1.4400631996812074
-0.0000000000000000 1.0974158901251077 1.3282055967029844 1.4154043063114237 1.4400561726308938
-0.0000000000000000 1.0974172055574232 1.3282108041489251 1.4154129062073963 1.4400637294591130
-0.0000000000000000 1.0974150779652325 1.3282044750501709 1.4153977435834495 1.4400594656298651
-0.0000000000000000 1.0974124908425751 1.3282022626168173 1.4153944149622630 1.4400541974367045
-0.0000000000000000 1.0974137321485640 1.3282096415437910 1.4154070880144094 1.4400607218802375
-0.0000000000000000 1.0974174871515410 1.3282118696995733 1.4154013396009772 1.4400620201236185
-0.0000000000000000 1.0974131738695774 1.3282073395915885 1.4154074149763605 1.4400605852895418
-0.0000000000000000 1.0974145608396366 1.3282070526688969 1.4154016072750653 1.4400576229627002
-0.0000000000000000 1.0974150342216757 1.3282106216997260 1.4153966253587200 1.4400528969278343
-0.0000000000000000 1.0974157069090509 1.3282082194314710 1.4154031710328625 1.4400527814798547
-0.0000000000000000 1.0974136193093349 1.3282051744314149 1.4154074325373955 1.4400654219339863
-0.0000000000000000 1.0974176040366139 1.3282201345630380 1.4154135167901010 1.4400645862356518
-0.0000000000000000 1.0974107265489443 1.3282020864056154 1.4154086748984771 1.4400635067828196
-0.0000000000000000 1.0974144549986351 1.3282002375457100 1.4153978091293591 1.4400548013566414
-0.0000000000000000 1.0974142515670713 1.3282063755915179 1.4153997505150788 1.4400612773738068
-0.0000000000000000 1.0974179215789344 1.3282093894182689 1.4154042526726414 1.4400626936016823
-0.0000000000000000 1.0974145165756843 1.3282063292708293 1.4154068640048256 1.4400507981161237
-0.0000000000000000 1.0974176276336094 1.3282035208347323 1.4154038226146060 1.4400550625664990
-0.0000000000000000 1.0974165533177664 1.3282060128978885 1.4154043747726730 1.4400609667711379
-0.0000000000000000 1.0974164167513911 1.3282027321848915 1.4154154543373851 1.4400698958232858
-0.0000000000000000 1.0974157177552220 1.3282062941870854 1.4154031822759325 1.4400568471093118
-0.0000000000000000 1.0974138448512474 1.3282029308994967 1.4154061264664977 1.4400529228219421
-0.0000000000000000 1.0974118243235658 1.3281999724411633 1.4153919461265549 1.4400483055975126
-0.0000000000000000 1.0974130214650679 1.3282056082928886 1.4154023699138185 1.4400672068900713
-0.0000000000000000 1.0974172725156781 1.3282149743631191 1.4154096790707145 1.4400616037179232
-0.0000000000000000 1.0974172334382319 1.3282072777328071 1.4154084796591728 1.4400622905905198
-0.0000000000000000 1.0974150585385847 1.3282054234351079 1.4153998338800939 1.4400648115377046
-0.0000000000000000 1.0974113386009468 1.3282028525175167 1.4154021818368732 1.4400626378306660
-0.0000000000000000 1.0974141995182194 1.3281990053954238 1.4154004482491866 1.4400611021859147
-0.0000000000000000 1.0974144912514920 1.3282103684838471 1.4154088559383284 1.4400529055720586
-0.0000000000000000 1.0974164355023885 1.3282102164279115 1.4154038737342216 1.4400553482400085
-0.0000000000000000 1.0974175633782166 1.3282108539083937 1.4154029649619218 1.4400647285598898
-0.0000000000000000 1.0974129367934702 1.3282074834552557 1.4154021397135315 1.4400588517317492
-0.0000000000000000 1.0974162673020857 1.3282031151284841 1.4154029080970572 1.4400591732289554
-0.0000000000000000 1.0974138871575196 1.3282066395383738 1.4154008803290574 1.4400600267672121
-0.0000000000000000 1.0974106544441231 1.3282108442271341 1.4154035358555195 1.4400465871554184
-0.0000000000000000 1.0974146479906783 1.3282019563778447 1.4154032851229232 1.4400543366839897
-0.0000000000000000 1.0974174471711824 1.3282109354263976 1.4154076755825964 1.4400611664451339
-0.0000000000000000 1.0974153292795923 1.3282022615233511 1.4154001697832073 1.4400604170855853
-0.0000000000000000 1.0974241313168940 1.3281989269380041 1.4153861386400803 1.4400435733209358
-0.0000000000000000 1.0974139541240500 1.3282059627189833 1.4154011957846802 1.4400593054512687
-0.0000000000000000 1.0974155081793280 1.3282047606263236 1.4154012880342877 1.4400544892664462
-0.0000000000000000 1.0974161683735872 1.3282039373157788 1.4153981732577356 1.4400622396225820
-0.0000000000000000 1.0974149103632909 1.3282098020752162 1.4154040658936975 1.4400636224863235
-0.0000000000000000 1.0974130941339668 1.3282068090230890 1.4154110916607157 1.4400625724423561
-0.0000000000000000 1.0974154283312092 1.3282044229641459 1.4154054338115505 1.4400532263888386
-0.0000000000000000 1.0974136143385962 1.3282069502737159 1.4154037523845948 1.4400619188024395
-0.0000000000000000 1.0974166484898493 1.3282051987363015 1.4154001538404735 1.4400489845637545
-0.0000000000000000 1.0974119473052013 1.3282094518578682 1.4154071481872594 1.4400619339139122
-0.0000000000000000 1.0974217297721014 1.3282149538290033 1.4154162332167242 1.4400717057843428
-0.0000000000000000 1.0974149406945941 1.3282047808466535 1.4153988188554383 1.4400571125239547
-0.0000000000000000 1.0974197244700499 1.3282075440923691 1.4154063340095582 1.4400653920531972
-0.0000000000000000 1.0974169684847086 1.3282039860720587 1.4153989520237313 1.4400548256834191
-0.0000000000000000 1.0974193449376402 1.3282041148541766 1.4154084371394691 1.4400631396736865
-0.0000000000000000 1.0974173134850091 1.3282115901202902 1.4154241286053952 1.4400724287237823
-0.0000000000000000 1.0974137391470811 1.3282037464799084 1.4154034450962754 1.4400530762915940
-0.0000000000000000 1.0974160845914205 1.3282012646185466 1.4154008493249688 1.4400579415775534
-0.0000000000000000 1.0974112975367238 1.3282054407569008 1.4154024457137129 1.4400552100559267
-0.0000000000000000 1.0974166570863655 1.3282056481479938 1.4154015309738215 1.4400542013084467
-0.0000000000000000 1.0974158581635354 1.3282091139291012 1.4154022001757689 1.4400556530372839
-0.0000000000000000 1.0974139805292620 1.3281993212716625 1.4153987463587565 1.4400525865132980
-0.0000000000000000 1.0974163263579626 1.3282100052963104 1.4154056148825278 1.4400579752892237
-0.0000000000000000 1.0974136857212011 1.3282085493249931 1.4154080342488806 1.4400578946637614
-0.0000000000000000 1.0974185568294013 1.3281995310811818 1.4154029247622921 1.4400572765836674
-0.0000000000000000 1.0974169522566963 1.3282068366741318 1.4154022638116974 1.4400664990268373
-0.0000000000000000 1.0974161809948415 1.3282019575023920 1.4153948911167691 1.4400409715043003
-0.0000000000000000 1.0974168765572103 1.3282042522368884 1.4153957229852210 1.4400519259951508
-0.0000000000000000 1.0974140602839710 1.3282069797591214 1.4153931231749466 1.4400513664542889
-0.0000000000000000 1.0974176591481379 1.3282079582634099 1.4154081971386112 1.4400721357890667
-0.0000000000000000 1.0974194262732224 1.3282061989682652 1.4154048359829190 1.4400654243743491
-0.0000000000000000 1.0974174376255805 1.3282043629895526 1.4154105177420677 1.4400694610529476
-0.0000000000000000 1.0974150527328987 1.3282058704775532 1.4154058495039401 1.4400562945532855
-0.0000000000000000 1.0974140776878472 1.3282081649798636 1.4154083303289473 1.4400671105917890
-0.0000000000000000 1.0974168844852965 1.3282053606308597 1.4153949397636383 1.4400571766525407
-0.0000000000000000 1.0974121892436137 1.3282006154643888 1.4154044604430904 1.4400633607397235
-0.0000000000000000 1.0974130937193116 1.3282136019387532 1.4154053817958896 1.4400506861663245
-0.0000000000000000 1.0974077702365694 1.3282107510760426 1.4154114072422834 1.4400625860164942
-0.0000000000000000 1.0974122767225445 1.3282041812965553 1.4154065553476731 1.4400533920764802
-0.0000000000000000 1.0974134583368147 1.3282064514746146 1.4153966897736865 1.4400598841630243
-0.0000000000000000 1.0974147687441698 1.3282109669676205 1.4154097890668949 1.4400638622002724
-0.0000000000000000 1.0974145427500783 1.3282081200567051 1.4153941667241878 1.4400503434655580
-0.0000000000000000 1.0974133052634452 1.3282112273886446 1.4154062159575302 1.4400670669317819
-0.0000000000000000 1.0974129965241068 1.3282056022903257 1.4154041118006457 1.4400623017765002
-0.0000000000000000 1.0974156265986632 1.3282075773690087 1.4154065616053295 1.4400595836012626
-0.0000000000000000 1.0974113551342615 1.3282100562528956 1.4154079716565100 1.4400654792449206
-0.0000000000000000 1.0974181849253695 1.3282053890407479 1.4154079811940024 1.4400566433418676
-0.0000000000000000 1.0974157883280498 1.3282096287142027 1.4154051975365205 1.4400661489906634
-0.0000000000000000 1.0974208355890911 1.3282120408745710 1.4154060656072975 1.4400613201570134
-0.0000000000000000 1.0974136996943344 1.3282046756039720 1.4154082952484868 1.4400562078739243
-0.0000000000000000 1.0974155123750926 1.3282077867547106 1.4154078587550452 1.4400661248943292
-0.0000000000000000 1.0974090284597771 1.3282055544408324 1.4154085143909927 1.4400678964259364
-0.0000000000000000 1.0974166636799241 1.3282081891197541 1.4154031749597624 1.4400639392213079
-0.0000000000000000 1.0974126449537258 1.3282109258297836 1.4154200976268405 1.4400645237051013
-0.0000000000000000 1.0974150585478311 1.3282099300548791 1.4154064456189639 1.4400602696051370
-0.0000000000000000 1.0974166451015195 1.3282125900939878 1.4154179405986684 1.4400718309508329
-0.0000000000000000 1.0974171601878355 1.3282088504622944 1.4154091186720519 1.4400650007506777
-0.0000000000000000 1.0974191656922019 1.3282149552967462 1.4154082445606810 1.4400623240656996
-0.0000000000000000 1.0974134140844902 1.3282032096468166 1.4154113360738729 1.4400640430666032
-0.0000000000000000 1.0974220254292208 1.3282088582832181 1.4154072693007613 1.4400518110388125
-0.0000000000000000 1.0974118606663503 1.3282055339420689 1.4153994452168264 1.4400565708994142
-0.0000000000000000 1.0974152879865842 1.3282036008562297 1.4154054459420033 1.4400626680348414
-0.0000000000000000 1.0974142185373132 1.3282070927505585 1.4154023199202304 1.4400580715510520
-0.0000000000000000 1.0974178466852669 1.3282156267685630 1.4154129281321872 1.4400651784543361
-0.0000000000000000 1.0974160845297332 1.3282079905016331 1.4154043497692823 1.4400551455288704
-0.0000000000000000 1.0974169069509796 1.3282050608803306 1.4154102550151528 1.4400702455657559
-0.0000000000000000 1.0974129467201301 1.3282047973611657 1.4154025717470871 1.4400609862330682
-0.0000000000000000 1.0974149633065127 1.3282032503374597 1.4154022392171521 1.4400556213505755
-0.0000000000000000 1.0974171039630538 1.3282082185371467 1.4154113270391344 1.4400632477461794
-0.0000000000000000 1.0974083352216324 1.3282039457866925 1.4153968780871973 1.4400593148258793
-0.0000000000000000 1.0974135722906693 1.3282163898997512 1.4154095679239258 1.4400664050595060
-0.0000000000000000 1.0974139942784635 1.3282065136006356 1.4154079075162689 1.4400617653271806
-0.0000000000000000 1.0974158480599308 1.3282076189044982 1.4154004279875150 1.4400576471193558
-0.0000000000000000 1.0974149171012246 1.3282069583969429 1.4153985768676254 1.4400655420367900
-0.0000000000000000 1.0974136535892334 1.3282082763311753 1.4153966258180373 1.4400602358084005
-0.0000000000000000 1.0974175804890878 1.3282108693723385 1.4154014527524852 1.4400627738284431
-0.0000000000000000 1.0974177926425888 1.3282096518786659 1.4154038074101336 1.4400633476293609
-0.0000000000000000 1.0974179035248157 1.3282152670917289 1.4154089407577630 1.4400607924316151
-0.0000000000000000 1.0974143314112752 1.3282077897193516 1.4153991385689217 1.4400580625140249
-0.0000000000000000 1.0974111485609972 1.3282009338242238 1.4153943140509953 1.4400544364008523
-0.0000000000000000 1.0974143329799921 1.3282062434414426 1.4153993237619966 1.4400592243906567
-0.0000000000000000 1.0974128629819413 1.3282086515293330 1.4154083671320719 1.4400636920568395
-0.0000000000000000 1.0974156254195473 1.3282008111265922 1.4154035195633268 1.4400526697413440
-0.0000000000000000 1.0974131639272573 1.3282100123228300 1.4154047655848001 1.4400622970288997
-0.0000000000000000 1.0974207736177111 1.3282110069125537 1.4154007240468602 1.4400626456684542
-0.0000000000000000 1.0974104042449437 1.3282062618351205 1.4153999139422966 1.4400622225046789
-0.0000000000000000 1.0974133624360418 1.3282051388148621 1.4153993148597330 1.4400605215080629
-0.0000000000000000 1.0974161685617103 1.3282097385781089 1.4154002417486091 1.4400628369460888
-0.0000000000000000 1.0974188307184671 1.3282090218095894 1.4154066115027542 1.4400618098588993
-0.0000000000000000 1.0974180498460278 1.3282076046233275 1.4153963419367199 1.4400518334082171
-0.0000000000000000 1.0974176945729932 1.3282106889673615 1.4154020000185306 1.4400578306217238
-0.0000000000000000 1.0974161312590429 1.3282019742496729 1.4153984105292583 1.4400545303409185
-0.0000000000000000 1.0974181497973436 1.3282111978363174 1.4154074534196643 1.4400579753383842
-0.0000000000000000 1.0974160893257914 1.3282025807940268 1.4154043465637645 1.4400586808786273
-0.0000000000000000 1.0974177531089317 1.3282161248834901 1.4154073359769606 1.4400588677545751
-0.0000000000000000 1.0974205870638480 1.3282125898245676 1.4154024740542017 1.4400702307459863
-0.0000000000000000 1.0974164938876505 1.3282136216573217 1.4154013185892720 1.4400676430282240
-0.0000000000000000 1.0974172806700309 1.3282062854377823 1.4154081263466243 1.4400538872180326
-0.0000000000000000 1.0974135323800807 1.3282047650784969 1.4154042050734272 1.4400558307419618
-0.0000000000000000 1.0974110745958745 1.3282021587502670 1.4154022017916392 1.4400530043947095
-0.0000000000000000 1.0974174029167221 1.3282088360721722 1.4154089486631645 1.4400630531301306
-0.0000000000000000 1.0974126612362263 1.3282083716760464 1.4154050824416238 1.4400685053586402
-0.0000000000000000 1.0974165345507658 1.3282094414848746 1.4154093648398627 1.4400629105660010
-0.0000000000000000 1.0974182516245645 1.3282149040948990 1.4154116074154868 1.4400603629976982
-0.0000000000000000 1.0974149275387586 1.3282015232617723 1.4154051803978331 1.4400598530979312
-0.0000000000000000 1.0974132018380189 1.3282069506507166 1.4154011843281535 1.4400542689336984
-0.0000000000000000 1.0974119714417359 1.3282043244100115 1.4154075613632564 1.4400654334853322
-0.0000000000000000 1.0974157459182250 1.3282051456498638 1.4153993093687420 1.4400609054587385
-0.0000000000000000 1.0974110759898679 1.3282040398679131 1.4154021378769812 1.4400607712640821
-0.0000000000000000 1.0974213062751681 1.3282150838848239 1.4154081172729516 1.4400511192901926
-0.0000000000000000 1.0974138598622392 1.3282044680350851 1.4154031026237910 1.4400612991621040
-0.0000000000000000 1.0974175212020123 1.3282089474481962 1.4154127333170576 1.4400667447342153
-0.0000000000000000 1.0974158323246432 1.3282007722843086 1.4154011396437920 1.4400629554964774
-0.0000000000000000 1.0974146224613619 1.3282068267225475 1.4154134070792874 1.4400561814305051
-0.0000000000000000 1.0974148872997647 1.3282068189250968 1.4154070850152147 1.4400555572632041
-0.0000000000000000 1.0974165992154588 1.3282063738306862 1.4154089244713806 1.4400576864759886
-0.0000000000000000 1.0974121734599376 1.3282061949050139 1.4153934712596810 1.4400481637591747
-0.0000000000000000 1.0974144733492301 1.3282055927413112 1.4154040840436184 1.4400634433129085
-0.0000000000000000 1.0974134145264336 1.3282047834355761 1.4154034506005511 1.4400537052374165
-0.0000000000000000 1.0974149802854902 1.3282058381711823 1.4154114114133607 1.4400638647136708
-0.0000000000000000 1.0974190550641902 1.3282101244631925 1.4154078367744860 1.4400626210670429
-0.0000000000000000 1.0974157236138684 1.3282060553097432 1.4154036024256405 1.4400583566784231
-0.0000000000000000 1.0974207912505289 1.3282080895008099 1.4154050959272562 1.4400669594574227
-0.0000000000000000 1.0974156268155399 1.3282133567179339 1.4154083736233547 1.4400572678437566
-0.0000000000000000 1.0974094542133965 1.3281969581324424 1.4153980919785576 1.4400526235968716
-0.0000000000000000 1.0974181262987865 1.3282069127861167 1.4154050791943258 1.4400533786417811
-0.0000000000000000 1.0974142353824978 1.3282058726907653 1.4154060848628638 1.4400637222908135
-0.0000000000000000 1.0974111036961363 1.3282038998557952 1.4153954387536227 1.4400518083592111
-0.0000000000000000 1.0974135115682706 1.3282048811508287 1.4154073755398637 1.4400621754997729
-0.0000000000000000 1.0974165840268453 1.3282100600106868 1.4154108121951658 1.4400646614199522
-0.0000000000000000 1.0974155186017662 1.3282048594066282 1.4153998181255345 1.4400551685947438
-0.0000000000000000 1.0974150130641520 1.3282084883143399 1.4154092484693768 1.4400686496455379
-0.0000000000000000 1.0974126292474113 1.3282087867953971 1.4154038169871357 1.4400542944842512
-0.0000000000000000 1.0974177387723441 1.3282067114597291 1.4154003157262267 1.4400610736638910
-0.0000000000000000 1.0974210332925680 1.3282096864709094 1.4154023383975716 1.4400665803959320
-0.0000000000000000 1.0974201978786535 1.3282072242321261 1.4154087678830951 1.4400619913663470
-0.0000000000000000 1.0974129623285092 1.3282086769094359 1.4154047620781582 1.4400655517876446
-0.0000000000000000 1.0974169025609299 1.3282125591994969 1.4154074345512442 1.4400559934329351
-0.0000000000000000 1.0974161317524671 1.3282069852897926 1.4154027187095855 1.4400588991624845
-0.0000000000000000 1.0974158281798252 1.3282079110415328 1.4154030765871628 1.4400606611823936
-0.0000000000000000 1.0974116712608668 1.3282033291333259 1.4154071906754915 1.4400546894141284
-0.0000000000000000 1.0974165846722785 1.3282020277071751 1.4154033005540856 1.4400605682627943
-0.0000000000000000 1.0974175605099745 1.3282082912487587 1.4154122734893113 1.4400601788319978
-0.0000000000000000 1.0974191295273310 1.3282063103336994 1.4154034374118400 1.4400531752793124
-0.0000000000000000 1.0974207216598733 1.3282117074280537 1.4154025457087356 1.4400562617858543
-0.0000000000000000 1.0974190355688151 1.3282065592620633 1.4154009283935232 1.4400525106814506
-0.0000000000000000 1.0974185075214773 1.3282009075929113 1.4154005219494199 1.4400645710464575
-0.0000000000000000 1.0974169893034518 1.3282021337763648 1.4154103168682735 1.4400541890095777
-0.0000000000000000 1.0974185788313400 1.3282059752589408 1.4153949544321753 1.4400472093643337
-0.0000000000000000 1.0974181426166330 1.3282059958790353 1.4154121883687816 1.4400695839572144
-0.0000000000000000 1.0974161054918992 1.3282104829689119 1.4154018245488964 1.4400619582162610
-0.0000000000000000 1.0974129702587923 1.3282063999563878 1.4154063485213975 1.4400661314468999
-0.0000000000000000 1.0974151535189256 1.3282087310552491 1.4154053548662786 1.4400591271992980
-0.0000000000000000 1.0974185131613881 1.3282072393525459 1.4153991703424325 1.4400540757623961
-0.0000000000000000 1.0974159555484753 1.3282084864774433 1.4154108685471867 1.4400627372582904
-0.0000000000000000 1.0974199655198205 1.3282069259416458 1.4154040793967695 1.4400618147368800
-0.0000000000000000 1.0974166980918789 1.3282098693173343 1.4154022669385089 1.4400619612175016
-0.0000000000000000 1.0974215964903844 1.3282106023443785 1.4154099811264833 1.4400686965546845
-0.0000000000000000 1.0974149203330583 1.3282134464749455 1.4154074529726945 1.4400606223101700
-0.0000000000000000 1.0974121624398065 1.3282061547647033 1.4154092903687105 1.4400626157491965
-0.0000000000000000 1.0974137797608516 1.3282120276977543 1.4154002091628486 1.4400645495475459
-0.0000000000000000 1.0974170894211990 1.3282114264998848 1.4154076665395310 1.4400513867030835
-0.0000000000000000 1.0974180838592149 1.3282084607089335 1.4154048307641827 1.4400561934738552
-0.0000000000000000 1.0974157445180541 1.3282055744438170 1.4154069793222013 1.4400611082068289
-0.0000000000000000 1.0974143366416662 1.3282055502150480 1.4153998458640156 1.4400631993062081
-0.0000000000000000 1.0974130900691690 1.3282039088339386 1.4153964688252825 1.4400579253590386
-0.0000000000000000 1.0974178578054394 1.3282066830578887 1.4153992044614618 1.4400540449166126
-0.0000000000000000 1.0974143750479672 1.3282108047572048 1.4154105667756087 1.4400739323194007
-0.0000000000000000 1.0974147679936477 1.3282053190478900 1.4154070226186000 1.4400668818788414
-0.0000000000000000 1.0974165133547744 1.3282077159632608 1.4154054641843092 1.4400595488905181
-0.0000000000000000 1.0974149271496378 1.3282129382427739 1.4154122856447269 1.4400701824417663
-0.0000000000000000 1.0974142348816567 1.3282086704950304 1.4154075217721036 1.4400674391919661
-0.0000000000000000 1.0974168966827684 1.3282027924856896 1.4154065526107520 1.4400610610906976
-0.0000000000000000 1.0974128544525528 1.3282097014530914 1.4154063630626166 1.4400465768005544
-0.0000000000000000 1.0974205311096144 1.3282123133981694 1.4154039793710538 1.4400510589508086
-0.0000000000000000 1.0974168525440784 1.3282054550042288 1.4154007776678110 1.4400528974868438
-0.0000000000000000 1.0974172978927412 1.3282022026397935 1.4154036582866438 1.4400617705232803
-0.0000000000000000 1.0974173696982361 1.3282088838843742 1.4154040272323098 1.4400565116561133
-0.0000000000000000 1.0974169293656519 1.3282048074730046 1.4154048256782452 1.4400671592485972
-0.0000000000000000 1.0974142645667044 1.3282147425991311 1.4154087632945251 1.4400687686409379
-0.0000000000000000 1.0974156763571403 1.3282097269198090 1.4153989017617654 1.4400603722505116
-0.0000000000000000 1.0974196768938715 1.3282188186322941 1.4154119266415228 1.4400598195941459
-0.0000000000000000 1.0974178517161144 1.3282060903567074 1.4154019129871716 1.4400598668142806
-0.0000000000000000 1.0974200685270274 1.3282030930251565 1.4154042402171476 1.4400663265079447
-0.0000000000000000 1.0974134915377018 1.3282125432647272 1.4153994971827335 1.4400714552510494
-0.0000000000000000 1.0974151667039562 1.3282106481071383 1.4154086298383664 1.4400615714821277
-0.0000000000000000 1.0974129847876626 1.3282025367860737 1.4153992027163858 1.4400606878278051
-0.0000000000000000 1.0974096029690998 1.3282065071080802 1.4154033746571382 1.4400596213004353
-0.0000000000000000 1.0974120290861911 1.3282016661457352 1.4154029178613325 1.4400467111841384
-0.0000000000000000 1.0974144774351504 1.3282081556157563 1.4154070271249899 1.4400565410585002
-0.0000000000000000 1.0974187022940620 1.3282063131118216 1.4154057540713290 1.4400595834245389
-0.0000000000000000 1.0974135036697521 1.3282123172002362 1.4154033044467371 1.4400550419017526
-0.0000000000000000 1.0974133610126722 1.3282064831283735 1.4154020783035841 1.4400676305716005
-0.0000000000000000 1.0974178858911934 1.3282136078894717 1.4154054488877381 1.4400600746301659
-0.0000000000000000 1.0974143459320496 1.3282092338856895 1.4154015716117836 1.4400570705948772
-0.0000000000000000 1.0974169909317955 1.3282139604932379 1.4154068246700575 1.4400625240517411
-0.0000000000000000 1.0974149747334694 1.3282044234285135 1.4153991091466895 1.4400564380123524
-0.0000000000000000 1.0974175671324045 1.3282054998547759 1.4154029243110908 1.4400610527944753
-0.0000000000000000 1.0974170522059101 1.3282060635661592 1.4153980884154036 1.4400626446429250
-0.0000000000000000 1.0974155333184796 1.3282059523070577 1.4154141028965472 1.4400609911794038
-0.0000000000000000 1.0974124116721351 1.3282036657543477 1.4154082659482048 1.4400606935981035
-0.0000000000000000 1.0974136760081175 1.3282047177050078 1.4154110026684963 1.4400607586949636
-0.0000000000000000 1.0974158027403251 1.3282059591022706 1.4154114096860544 1.4400566884698660
-0.0000000000000000 1.0974167647389588 1.3282080458245162 1.4154011199441936 1.4400589670853654
-0.0000000000000000 1.0974202592496147 1.3282077272833794 1.4154018641127377 1.4400505257177547
-0.0000000000000000 1.0974143723397509 1.3282060212437767 1.4153953722470525 1.4400593554402619
-0.0000000000000000 1.0974177722982890 1.3282120660285672 1.4154072647757316 1.4400638590551009
-0.0000000000000000 1.0974172768904733 1.3282044141132565 1.4154082974713476 1.4400611958212801
-0.0000000000000000 1.0974159274163098 1.3282067303228717 1.4154020887323673 1.4400625639994711
-0.0000000000000000 1.0974159676467394 1.3282005686532712 1.4154024070024704 1.4400566333396829
-0.0000000000000000 1.0974178918236683 1.3282117340571731 1.4154043488978600 1.4400582458039695
-0.0000000000000000 1.0974180198050130 1.3282108331214115 1.4154114691195556 1.4400643680846805
-0.0000000000000000 1.0974162400595733 1.3282084923743924 1.4154035791330128 1.4400659937664588
-0.0000000000000000 1.0974169536637957 1.3282130347611270 1.4154148883040156 1.4400742992205049
-0.0000000000000000 1.0974187089946563 1.3282091081706142 1.4154064335595320 1.4400677129799377
-0.0000000000000000 1.0974182229184415 1.3282062038860889 1.4154103234433562 1.4400651003571234
-0.0000000000000000 1.0974195521835675 1.3282062499874698 1.4154040591014110 1.4400553012953334
-0.0000000000000000 1.0974173005589907 1.3282048757822882 1.4153998153953675 1.4400607330632933
-0.0000000000000000 1.0974143282479478 1.3281989843734221 1.4154000661838346 1.4400523334719866
-0.0000000000000000 1.0974145902023955 1.3282115550405482 1.4154065665732691 1.4400699117363023
-0.0000000000000000 1.0974136894911670 1.3282079693426827 1.4154049665715733 1.4400595469359816
-0.0000000000000000 1.0974147821933593 1.3282054698777488 1.4154043493369630 1.4400567548790295
-0.0000000000000000 1.0974170569632109 1.3282085821716163 1.4154062168226420 1.4400604501776511
-0.0000000000000000 1.0974164791617793 1.3282088078821221 1.4154084400375311 1.4400600186781065
-0.0000000000000000 1.0974140053430064 1.3282021735109324 1.4154091390139414 1.4400575020194415
-0.0000000000000000 1.0974135894176134 1.3282057581982667 1.4153994202391369 1.4400592595515247
-0.0000000000000000 1.0974167151068410 1.3282088901657469 1.4154088058100518 1.4400658908771313
-0.0000000000000000 1.0974147158307042 1.3282055908784653 1.4154051734656998 1.4400635315821060
-0.0000000000000000 1.0974163916038975 1.3282053679907437 1.4154067005121225 1.4400611756894013
-0.0000000000000000 1.0974133542319096 1.3282055715044569 1.4153970965069735 1.4400589934959618
-0.0000000000000000 1.0974129295446504 1.3282058333789639 1.4154021686549183 1.4400546511639991
-0.0000000000000000 1.0974183474241521 1.3282074632565171 1.4154025728789306 1.4400560435493546
-0.0000000000000000 1.0974185773782403 1.3282091647307153 1.4154025034909448 1.4400584141189174
-0.0000000000000000 1.0974178363043203 1.3282062334846600 1.4153997818906319 1.4400622986920011
-0.0000000000000000 1.0974190246332791 1.3282153779620627 1.4154117589763635 1.4400628991614282
-0.0000000000000000 1.0974189772391216 1.3282129089077339 1.4154088416079083 1.4400655771256377
-0.0000000000000000 1.0974110903262941 1.3281985965652159 1.4153986514574637 1.4400585512281474
-0.0000000000000000 1.0974125365282252 1.3281979875966670 1.4154017278942199 1.4400527937169079
-0.0000000000000000 1.0974183417805552 1.3282117030591483 1.4154084980495318 1.4400632722050173
-0.0000000000000000 1.0974179023834703 1.3282068831031661 1.4154148626482925 1.4400648168744674
-0.0000000000000000 1.0974167546931570 1.3282085372533134 1.4154131940607348 1.4400643007724152
-0.0000000000000000 1.0974148069443705 1.3282135666116708 1.4154122599908181 1.4400623966453387
-0.0000000000000000 1.0974145817363072 1.3282089294904140 1.4154022421445571 1.4400697353004970
-0.0000000000000000 1.0974066532789288 1.3282071407367051 1.4154015140708378 1.4400665488738484
-0.0000000000000000 1.0974148160427910 1.3282105240360056 1.4154114527580142 1.4400658819352929
-0.0000000000000000 1.0974141419718393 1.3282107487289412 1.4154092227677484 1.4400595940345302
-0.0000000000000000 1.0974191019872441 1.3282153609308016 1.4154091338132007 1.4400658663878292
-0.0000000000000000 1.0974151025805621 1.3282098313484307 1.4154015743156096 1.4400524799248620
-0.0000000000000000 1.0974187143614911 1.3282155732020027 1.4154103018970632 1.4400658594139277
-0.0000000000000000 1.0974177143375385 1.3282048473012873 1.4154004863236938 1.4400624330164231
-0.0000000000000000 1.0974147296762358 1.3282117153436677 1.4154078741208715 1.4400597202027081
-0.0000000000000000 1.0974170558887393 1.3282049547425152 1.4154069662542248 1.4400636481552729
-0.0000000000000000 1.0974176707668089 1.3282073766044880 1.4154106144576091 1.4400612680367055
-0.0000000000000000 1.0974171115108318 1.3282125824275544 1.4154102881917847 1.4400728644585721
-0.0000000000000000 1.0974119296179514 1.3282076152911522 1.4154114698676228 1.4400690382317420
-0.0000000000000000 1.0974186163367154 1.3282075094117147 1.4154089460965746 1.4400601217776774
-0.0000000000000000 1.0974215167338526 1.3282077687439280 1.4154047980093105 1.4400603075010576
-0.0000000000000000 1.0974139081301233 1.3282080127380675 1.4154108391526239 1.4400595539651224
-0.0000000000000000 1.0974184191397067 1.3282157686716607 1.4153954831588278 1.4400478352571096
-0.0000000000000000 1.0974132333798172 1.3282076438955897 1.4154033508734070 1.4400640406787559
-0.0000000000000000 1.0974156444178198 1.3282131785648652 1.4154068961652673 1.4400582605811378
-0.0000000000000000 1.0974173148510593 1.3282030651367727 1.4154061112976315 1.4400705403680760
-0.0000000000000000 1.0974192001880323 1.3282113904479946 1.4154057507812168 1.4400546058647650
-0.0000000000000000 1.0974132912999557 1.3282031451581164 1.4154049428521114 1.4400627539027326
-0.0000000000000000 1.0974184528320901 1.3282138574193847 1.4154151937037613 1.4400672205465910
-0.0000000000000000 1.0974165753430365 1.3282137584852838 1.4154094571292974 1.4400586169389171
-0.0000000000000000 1.0974154403388894 1.3282030381879741 1.4154009951252899 1.4400576357196522
-0.0000000000000000 1.0974156108966402 1.3282063497210823 1.4154066973423332 1.4400611806016028
-0.0000000000000000 1.0974155347597012 1.3282041345145772 1.4153995898885274 1.4400559831569189
-0.0000000000000000 1.0974137698556785 1.3282091863003735 1.4154066122428357 1.4400664238292273
-0.0000000000000000 1.0974152219622528 1.3282105880474180 1.4154043468667987 1.4400585230285468
-0.0000000000000000 1.0974167850813625 1.3282031399181522 1.4154092234277600 1.4400645339931197
-0.0000000000000000 1.0974112708465518 1.3282049659853792 1.4154052185359440 1.4400514783472989
-0.0000000000000000 1.0974191094311168 1.3282119195083382 1.4154075215793283 1.4400650190815041
-0.0000000000000000 1.0974158645483694 1.3282168401709891 1.4154140204809185 1.4400665582089773
-0.0000000000000000 1.0974105231873654 1.3282031104825809 1.4153989338018387 1.4400512865209811
-0.0000000000000000 1.0974071949733493 1.3281962982486291 1.4153982590563363 1.4400526328505048
-0.0000000000000000 1.0974157926381931 1.3282051058915856 1.4153952468516042 1.4400509321947781
-0.0000000000000000 1.0974119858455456 1.3282074002403852 1.4154018905686008 1.4400686529303266
-0.0000000000000000 1.0974129535813515 1.3282066893776066 1.4154068083712725 1.4400680049525454
-0.0000000000000000 1.0974141985156893 1.3282027768002764 1.4154062181426585 1.4400618862669785
-0.0000000000000000 1.0974127767737167 1.3282085174612124 1.4153990793443041 1.4400537383661831
-0.0000000000000000 1.0974088374058659 1.3282048050588495 1.4153974377828378 1.4400562862119657
-0.0000000000000000 1.0974137255608438 1.3282020282571725 1.4153981486944625 1.4400499249378707
-0.0000000000000000 1.0974132809201318 1.3282052151365586 1.4154084708045258 1.4400660455922123
-0.0000000000000000 1.0974152705455553 1.3282047409201296 1.4154026401512327 1.4400442107739422
-0.0000000000000000 1.0974169985742219 1.3282122995963861 1.4154100205780797 1.4400614038858019
-0.0000000000000000 1.0974175932181431 1.3282046225328741 1.4153970021194997 1.4400474863235799
-0.0000000000000000 1.0974110726833735 1.3282040636590222 1.4154075657810399 1.4400536793431662
-0.0000000000000000 1.0974172967815572 1.3282070497313863 1.4154066686117133 1.4400684607953915
-0.0000000000000000 1.0974134616088074 1.3282095799161175 1.4154082749222812 1.4400576212586094
-0.0000000000000000 1.0974132850961815 1.3282027785630026 1.4154012000043181 1.4400624148054944
-0.0000000000000000 1.0974126194051721 1.3282067530544177 1.4154018898378860 1.4400571726190203
-0.0000000000000000 1.0974198985976076 1.3282135701166755 1.4154123535280621 1.4400652606389732
-0.0000000000000000 1.0974166147510718 1.3282013559993489 1.4153983133991850 1.4400562210402041
-0.0000000000000000 1.0974146282819346 1.3282103251189008 1.4154062016309377 1.4400628260360593
-0.0000000000000000 1.0974145574711018 1.3282060652727741 1.4154076589794486 1.4400570945956128
-0.0000000000000000 1.0974139917368722 1.3282074077396084 1.4154071462795550 1.4400604390221037
-0.0000000000000000 1.0974165408172409 1.3282060817900119 1.4154144163359523 1.4400688617662798
-0.0000000000000000 1.0974096774762407 1.3282088228454534 1.4154008431769451 1.4400562501128311
-0.0000000000000000 1.0974189787361237 1.3282089801532440 1.4154083899497745 1.4400503432806786
-0.0000000000000000 1.0974211764751916 1.3282053667144982 1.4154018338353882 1.4400591804527194
-0.0000000000000000 1.0974146701187604 1.3282055366320671 1.4154055077709993 1.4400646157859194
-0.0000000000000000 1.0974176363984149 1.3282116312610219 1.4154141190481093 1.4400635222871989
-0.0000000000000000 1.0974200182928280 1.3282074687028653 1.4154017007613566 1.4400589326149713
-0.0000000000000000 1.0974164624647478 1.3282150339211727 1.4154057811019578 1.4400567327383018
-0.0000000000000000 1.0974140433475292 1.3282147377419082 1.4154072029649116 1.4400668737306626
-0.0000000000000000 1.0974147008809925 1.3282084841967245 1.4154135789863200 1.4400575616582130
-0.0000000000000000 1.0974123584086695 1.3282026217309224 1.4154071914626922 1.4400592067185285
-0.0000000000000000 1.0974124420818956 1.3282020657960023 1.4153990519632773 1.4400545641685445
-0.0000000000000000 1.0974177590686536 1.3282107004567476 1.4154106101384563 1.4400652267464187
-0.0000000000000000 1.0974173412336845 1.3282094513585634 1.4154010337349896 1.4400508268131247
-0.0000000000000000 1.0974168922785392 1.3282040768719057 1.4154054051193345 1.4400616465708125
-0.0000000000000000 1.0974156605077736 1.3282089323236657 1.4154019480599815 1.4400587445363655
-0.0000000000000000 1.0974115362259214 1.3281988840427976 1.4153992179789563 1.4400525345792370
-0.0000000000000000 1.0974184830585960 1.3282190066610386 1.4154183912356342 1.4400626032515755
-0.0000000000000000 1.0974157077978077 1.3282108729858220 1.4154044006745872 1.4400561266266476
-0.0000000000000000 1.0974153932440740 1.3282075309537478 1.4154108915305414 1.4400601157402919
-0.0000000000000000 1.0974126181832666 1.3282067939142104 1.4154063052234649 1.4400596401573968
-0.0000000000000000 1.0974160126982941 1.3282049293279272 1.4153993061562427 1.4400534113124883
-0.0000000000000000 1.0974190022961883 1.3282095185105771 1.4153952850219644 1.4400594221423977
-0.0000000000000000 1.0974144762547056 1.3282031532746383 1.4153987284132761 1.4400532931720780
-0.0000000000000000 1.0974147267125351 1.3282047870147553 1.4154001723297853 1.4400557471847557
-0.0000000000000000 1.0974154535232286 1.3282106703815850 1.4154031936772347 1.4400566100883507
-0.0000000000000000 1.0974148476284895 1.3282065801223550 1.4154084600384436 1.4400620549956404
-0.0000000000000000 1.0974138621551179 1.3281969041468922 1.4154012948139028 1.4400599264932175
-0.0000000000000000 1.0974124835947869 1.3281877392511798 1.4154007666212227 1.4400559457291726
-0.0000000000000000 1.0974152825921095 1.3282017005907776 1.4154044814068447 1.4400583515304526
-0.0000000000000000 1.0974109834441355 1.3282061077512481 1.4154045661266690 1.4400592054597634
-0.0000000000000000 1.0974099442374765 1.3282030051820630 1.4154073272522782 1.4400568254135304
-0.0000000000000000 1.0974130087053831 1.3281965846577666 1.4154060485979685 1.4400585759331812
-0.0000000000000000 1.0974165786476733 1.3282130990570460 1.4154131717133696 1.4400689826346391
-0.0000000000000000 1.0974167112119764 1.3282033193804519 1.4154038705598826 1.4400584551245152
-0.0000000000000000 1.0974144932106236 1.3282024757597479 1.4153992520130547 1.4400501872252065
-0.0000000000000000 1.0974148621231192 1.3282113753147138 1.4154149437574879 1.4400670609522859
-0.0000000000000000 1.0974167379934527 1.3282130544319639 1.4154105314199596 1.4400580852839788
-0.0000000000000000 1.0974131732807422 1.3282027585499709 1.4154001392147590 1.4400557200683632
-0.0000000000000000 1.0974200314875149 1.3282138661505916 1.4154067328485320 1.4400599617177670
-0.0000000000000000 1.0974137290882648 1.3282058928849494 1.4154013798933482 1.4400568294599561
-0.0000000000000000 1.0974191041165495 1.3282173114413218 1.4154148826913171 1.4400675632079047
-0.0000000000000000 1.0974239547307143 1.3282217718985787 1.4154177529307246 1.4400619773881902
-0.0000000000000000 1.0974162232417586 1.3282088481394834 1.4154078876454255 1.4400549011137009
-0.0000000000000000 1.0974165789369081 1.3282193868840271 1.4154154107606951 1.4400642951710032
-0.0000000000000000 1.0974188377510883 1.3282093847262453 1.4154113241462820 1.4400603279632753
-0.0000000000000000 1.0974141785758857 1.3282081666560324 1.4153949006961695 1.4400532524718745
-0.0000000000000000 1.0974159792696325 1.3282084165931693 1.4154070064625761 1.4400590883059119
-0.0000000000000000 1.0974158242043306 1.3282014580923025 1.4154010972630053 1.4400518404128959
-0.0000000000000000 1.0974150500264013 1.3282003174798889 1.4154030483394457 1.4400563785457030
-0.0000000000000000 1.0974185991659184 1.3282059081372175 1.4154016502501625 1.4400579808489353
-0.0000000000000000 1.0974134327090039 1.3282040524274605 1.4154051702140691 1.4400588312561347
-0.0000000000000000 1.0974122853081867 1.3282091795196640 1.4154080381872187 1.4400594979874464
-0.0000000000000000 1.0974194833475526 1.3282089616978070 1.4154025981617127 1.4400635314039609
-0.0000000000000000 1.0974145996410609 1.3282090846306782 1.4154068193797282 1.4400591594800984
-0.0000000000000000 1.0974211752394301 1.3282121483805971 1.4154079646118376 1.4400639080863673
-0.0000000000000000 1.0974135017121367 1.3282014776493423 1.4154008700081095 1.4400578582757606
-0.0000000000000000 1.0974136584805896 1.3282097652625238 1.4154091756549618 1.4400645445386668
-0.0000000000000000 1.0974131251363193 1.3282112611978829 1.4153960617761630 1.4400559374842361
-0.0000000000000000 1.0974117254443811 1.3282068604265556 1.4153996540404565 1.4400582019431900
-0.0000000000000000 1.0974168932244233 1.3282062135783648 1.4154017855421730 1.4400590381758431
-0.0000000000000000 1.0974164182591721 1.3282081668193415 1.4154006996222288 1.4400594350825391
-0.0000000000000000 1.0974152882413528 1.3282061271747083 1.4154008028570013 1.4400622293998826
-0.0000000000000000 1.0974168164691149 1.3282052143777670 1.4154003955867900 1.4400619982843326
-0.0000000000000000 1.0974160218323890 1.3282121527763011 1.4154023025549691 1.4400517869003253
-0.0000000000000000 1.0974163079384347 1.3282052655199568 1.4154075542032667 1.4400630989096572
-0.0000000000000000 1.0974162147800981 1.3282066949995557 1.4154028369121125 1.4400606047808024
-0.0000000000000000 1.0974147417063833 1.3282087011944470 1.4154060582243919 1.4400683489128152
-0.0000000000000000 1.0974181019889140 1.3282064953679715 1.4154122180449946 1.4400729700563368
-0.0000000000000000 1.0974216085936255 1.3282091066089459 1.4154132332581419 1.4400626257611961
-0.0000000000000000 1.0974128748199714 1.3282069481406558 1.4154025092189411 1.4400669592627797
-0.0000000000000000 1.0974161287423534 1.3282029252111529 1.4153986295246195 1.4400555171021721
-0.0000000000000000 1.0974188624944159 1.3282149479625962 1.4154096593019423 1.4400621733573038
-0.0000000000000000 1.0974150729164787 1.3282002522261815 1.4154016304106414 1.4400562037638107
-0.0000000000000000 1.0974164697985078 1.3282032182256818 1.4154074960289713 1.4400669160026880
-0.0000000000000000 1.0974129791777436 1.3282076596411705 1.4154065013216766 1.4400645571870039
-0.0000000000000000 1.0974149825752517 1.3282105463290408 1.4154095414176526 1.4400616751314239
-0.0000000000000000 1.0974154687866966 1.3282071793411072 1.4154079987688197 1.4400577529040892
-0.0000000000000000 1.0974165201205643 1.3282119629735756 1.4154014288372143 1.4400609573189418
-0.0000000000000000 1.0974152517257807 1.3282031435726092 1.4154096951276258 1.4400640754244738
-0.0000000000000000 1.0974157796407529 1.3282042703865333 1.4154047964647003 1.4400582387092000
-0.0000000000000000 1.0974147415636766 1.3282060861940814 1.4154075912205530 1.4400584522712194
-0.0000000000000000 1.0974134935771995 1.3282061377393748 1.4154063598908764 1.4400586671608102
-0.0000000000000000 1.0974169290204316 1.3282115834289108 1.4154128228062410 1.4400623458910697
-0.0000000000000000 1.0974132745323344 1.3282075139490304 1.4154080400846167 1.4400661911941142
-0.0000000000000000 1.0974135158988374 1.3281978847643898 1.4153999134777242 1.4400477032759962
-0.0000000000000000 1.0974101636359435 1.3281986003437842 1.4154058862012504 1.4400551014473675
-0.0000000000000000 1.0974180405856067 1.3282044514272735 1.4154048951583591 1.4400616402348942
-0.0000000000000000 1.0974127121449244 1.3281980564840317 1.4154073355137289 1.4400538915218966
-0.0000000000000000 1.0974125383416147 1.3282003866752152 1.4154038371614859 1.4400570476317081
-0.0000000000000000 1.0974106552708824 1.3282061116407662 1.4153961985064161 1.4400541144175629
-0.0000000000000000 1.0974152486441353 1.3282055873374179 1.4154086012623481 1.4400552054515916
-0.0000000000000000 1.0974154504454474 1.3282088489284285 1.4154063080868267 1.4400649646305883
-0.0000000000000000 1.0974155375182846 1.3282073705058006 1.4154076603021943 1.4400602797501740
-0.0000000000000000 1.0974130041385322 1.3282031791968034 1.4154003806634881 1.4400528088873739
-0.0000000000000000 1.0974162262065614 1.3282051681159526 1.4154015971479157 1.4400612504193742
-0.0000000000000000 1.0974168415532406 1.3282023653194905 1.4154091051946440 1.4400568811197061
-0.0000000000000000 1.0974147899872164 1.3282042518767689 1.4153970529779287 1.4400493607461211
-0.0000000000000000 1.0974210683838681 1.3282118889819017 1.4154103690037447 1.4400668989902727
-0.0000000000000000 1.0974123254373802 1.3282042192689161 1.4154046654126817 1.4400663411641719
-0.0000000000000000 1.0974201210861783 1.3282134682914679 1.4154068144365937 1.4400675711241493
-0.0000000000000000 1.0974170426843195 1.3282079898580077 1.4154028683700002 1.4400635695174915
-0.0000000000000000 1.0974178197902356 1.3282065256822595 1.4154079467892062 1.4400639487037206
-0.0000000000000000 1.0974126405867388 1.3282065397521909 1.4154041813361162 1.4400533004959759
-0.0000000000000000 1.0974168153880035 1.3282126856370571 1.4154024669154335 1.4400593956381822
-0.0000000000000000 1.0974175522501339 1.3282181529515116 1.4154107076981151 1.4400657630288123
-0.0000000000000000 1.0974131151624453 1.3282064355910990 1.4154051839981003 1.4400579954302941
-0.0000000000000000 1.0974193289786436 1.3282101262329276 1.4154111596775820 1.4400602746958453
-0.0000000000000000 1.0974147801939294 1.3282155677369478 1.4154148841099359 1.4400656288555398
-0.0000000000000000 1.0974207220447365 1.3282106404592970 1.4154091327926939 1.4400510348296147
-0.0000000000000000 1.0974137229902250 1.3282011630936219 1.4154004351473537 1.4400553577634165
-0.0000000000000000 1.0974132321279082 1.3282009686913780 1.4154024507744407 1.4400638042282570
-0.0000000000000000 1.0974121125698073 1.3282022393494834 1.4153951764726511 1.4400547325059856
-0.0000000000000000 1.0974149565639011 1.3282062976822959 1.4154078790797862 1.4400633523651343
-0.0000000000000000 1.0974178181690355 1.3282080733656729 1.4154045516251867 1.4400636981965143
-0.0000000000000000 1.0974118996902924 1.3282080711844166 1.4154078467951663 1.4400633734913497
-0.0000000000000000 1.0974181480032592 1.3282076754405847 1.4154086165305904 1.4400613836990226
-0.0000000000000000 1.0974162282574247 1.3282036974080591 1.4153954312699848 1.4400530546578723
-0.0000000000000000 1.0974111032679694 1.3282064354896979 1.4154049813284029 1.4400596009219495
-0.0000000000000000 1.0974155540207773 1.3282064093388970 1.4154085264260177 1.4400602927291810
-0.0000000000000000 1.0974169175894135 1.3282068717226785 1.4154013938982375 1.4400566408858280
-0.0000000000000000 1.0974142505274356 1.3282034040714847 1.4154043464512598 1.4400579363019479
-0.0000000000000000 1.0974168920728211 1.3282164552395108 1.4154059612264853 1.4400663485480596
-0.0000000000000000 1.0974121730868147 1.3282099291863814 1.4154029750631487 1.4400546935547869
-0.0000000000000000 1.0974176226116876 1.3282068840652295 1.4154122154319697 1.4400586004798444
-0.0000000000000000 1.0974132207866771 1.3282055110930968 1.4154042560020794 1.4400590727618654
-0.0000000000000000 1.0974167795808782 1.3282080729576018 1.4154068717322881 1.4400627418251915
-0.0000000000000000 1.0974113692144394 1.3282021483466664 1.4154048571640230 1.4400575558248625
-0.0000000000000000 1.0974164674815954 1.3282091482330938 1.4154100727873484 1.4400626153914544
-0.0000000000000000 1.0974162818100253 1.3282108089287310 1.4154121929853467 1.4400665900862901
-0.0000000000000000 1.0974142790553418 1.3282042853614724 1.4154090445834053 1.4400633235814326
-0.0000000000000000 1.0974154654174575 1.3282077241396582 1.4154074782449584 1.4400619861798984
-0.0000000000000000 1.0974199201235000 1.3282186154839015 1.4154080785395573 1.4400635189553943
-0.0000000000000000 1.0974184069663173 1.3282051003261057 1.4154020626781019 1.4400561854776530
-0.0000000000000000 1.0974170955812805 1.3282040294754069 1.4153979721521002 1.4400542085095398
-0.0000000000000000 1.0974139616281950 1.3282059827433768 1.4154022369497254 1.4400612220949451
-0.0000000000000000 1.0974117043689477 1.3282083593799654 1.4154050457125060 1.4400580064865540
-0.0000000000000000 1.0974170695801206 1.3282050696994006 1.4154126473199256 1.4400632135075793
-0.0000000000000000 1.0974170579547486 1.3282066338957426 1.4153991041269705 1.4400585892654685
-0.0000000000000000 1.0974122187134299 1.3282007395562139 1.4153999396461816 1.4400573053346251
-0.0000000000000000 1.0974168837413030 1.3282202551535496 1.4154172925510062 1.4400667474052198
-0.0000000000000000 1.0974133875223337 1.3282051180019279 1.4154050495237487 1.4400581994272381
-0.0000000000000000 1.0974174561369505 1.3282035102579861 1.4154017275063087 1.4400635137959623
-0.0000000000000000 1.0974177179908609 1.3282065312421389 1.4154098891340461 1.4400634426347352
-0.0000000000000000 1.0974156353214048 1.3282045524906745 1.4154038623324803 1.4400604584017049
-0.0000000000000000 1.0974133901979026 1.3282134864410919 1.4154163109483979 1.4400697308421575
-0.0000000000000000 1.0974160019906045 1.3282055902396404 1.4154101168245647 1.4400589731514986
-0.0000000000000000 1.0974143205434732 1.3282079514882339 1.4154034668732409 1.4400591970255894
-0.0000000000000000 1.0974119531236211 1.3281935578595543 1.4154016387751536 1.4400544092816052
-0.0000000000000000 1.0974143957156197 1.3282079640456483 1.4154090777092321 1.4400517809176754
-0.0000000000000000 1.0974137839455764 1.3282139557805033 1.4154105298748276 1.4400567690914652
-0.0000000000000000 1.0974176435101504 1.3282082532835415 1.4154055636428913 1.4400545942360898
-0.0000000000000000 1.0974165035875185 1.3282077397818421 1.4154033146907790 1.4400632682479486
-0.0000000000000000 1.0974122923341589 1.3282062048869554 1.4154023535604239 1.4400526136474219
-0.0000000000000000 1.0974137034113871 1.3282095222677182 1.4154103962783859 1.4400615646361929
-0.0000000000000000 1.0974077347808173 1.3282146876363210 1.4153962543494552 1.4400645585590472
-0.0000000000000000 1.0974132430554129 1.3282011949209260 1.4153977893349621 1.4400576291221352
